    Classifier | Test #1 | Test #2 | Test #3 | Test #4 | Test #5 | Test #6 | Test #7 | Test #8 | Test #9 | Test #10 | Correct | Kappa 
---------------+---------+---------+---------+---------+---------+---------+---------+---------+---------+----------+---------+-------
       Bagging |   49,22 |   53,13 |   46,88 |   46,09 |   45,31 |   62,50 |   55,47 |   58,59 |   50,78 |    57,03 |   52,50 | 0,367 
    Clustering |   38,28 |   35,94 |   36,72 |   39,84 |   34,38 |   39,06 |   32,03 |   39,06 |   36,72 |    32,81 |   36,48 | 0,153 
 DecisionTable |   47,66 |   55,47 |   56,25 |   44,53 |   52,34 |   57,03 |   53,91 |   59,38 |   57,03 |    42,19 |   52,58 | 0,368 
           END |   54,69 |   50,00 |   58,59 |   53,13 |   57,81 |   53,91 |   46,88 |   52,34 |   53,91 |    60,16 |   54,14 | 0,389 
           IBk |   46,88 |   47,66 |   49,22 |   56,25 |   51,56 |   51,56 |   47,66 |   46,09 |   47,66 |    46,09 |   49,06 | 0,321 
           J48 |   49,22 |   61,72 |   51,56 |   61,72 |   56,25 |   46,88 |   51,56 |   51,56 |   51,56 |    53,91 |   53,59 | 0,381 
    LogitBoost |   54,69 |   53,13 |   50,78 |   46,88 |   52,34 |   47,66 |   57,81 |   53,91 |   54,69 |    52,34 |   52,42 | 0,366 
    NaiveBayes |   50,78 |   56,25 |   55,47 |   59,38 |   53,13 |   52,34 |   56,25 |   59,38 |   44,53 |    53,13 |   54,06 | 0,388 
    Regression |   54,69 |   50,00 |   45,31 |   54,69 |   49,22 |   57,81 |   45,31 |   56,25 |   46,09 |    58,59 |   51,80 | 0,357 
RotationForest |   45,31 |   60,16 |   47,66 |   57,03 |   56,25 |   52,34 |   56,25 |   57,81 |   52,34 |    50,00 |   53,52 | 0,380 
           SMO |   53,13 |   42,19 |   49,22 |   38,28 |   50,78 |   46,09 |   46,88 |   50,00 |   38,28 |    49,22 |   46,41 | 0,285 


    Classifier | Test #1 | Test #2 | Test #3 | Test #4 | Test #5 | Test #6 | Test #7 | Test #8 | Test #9 | Test #10 | Correct | Kappa 
---------------+---------+---------+---------+---------+---------+---------+---------+---------+---------+----------+---------+-------
       Bagging |   54,69 |   54,69 |   57,03 |   62,50 |   57,81 |   59,38 |   56,25 |   54,69 |   62,50 |    54,69 |   57,42 | 0,432 
    Clustering |   38,28 |   37,50 |   42,19 |   37,50 |   39,84 |   39,84 |   40,63 |   41,41 |   36,72 |    39,06 |   39,30 | 0,191 
 DecisionTable |   54,69 |   48,44 |   52,34 |   54,69 |   48,44 |   48,44 |   48,44 |   53,13 |   57,81 |    46,09 |   51,25 | 0,350 
           END |   49,22 |   56,25 |   53,91 |   58,59 |   52,34 |   60,94 |   47,66 |   50,00 |   43,75 |    54,69 |   52,73 | 0,370 
           IBk |   44,53 |   41,41 |   38,28 |   47,66 |   42,97 |   53,91 |   49,22 |   44,53 |   48,44 |    45,31 |   45,63 | 0,275 
           J48 |   56,25 |   50,78 |   50,00 |   50,00 |   46,88 |   46,09 |   55,47 |   46,88 |   54,69 |    41,41 |   49,84 | 0,331 
    LogitBoost |   50,78 |   51,56 |   56,25 |   54,69 |   59,38 |   50,00 |   48,44 |   47,66 |   53,91 |    50,00 |   52,27 | 0,364 
    NaiveBayes |   49,22 |   43,75 |   42,97 |   45,31 |   50,78 |   47,66 |   47,66 |   46,88 |   49,22 |    49,22 |   47,27 | 0,297 
    Regression |   57,03 |   53,13 |   49,22 |   49,22 |   62,50 |   55,47 |   59,38 |   56,25 |   52,34 |    56,25 |   55,08 | 0,401 
RotationForest |   60,94 |   50,78 |   60,16 |   59,38 |   57,81 |   52,34 |   61,72 |   55,47 |   52,34 |    54,69 |   56,56 | 0,421 
           SMO |   59,38 |   50,78 |   61,72 |   48,44 |   62,50 |   52,34 |   56,25 |   53,13 |   53,91 |    61,72 |   56,02 | 0,414 


    Classifier | Correct #0 | Correct #1 
---------------+------------+------------
       Bagging |      52,50 |      57,42 
    Clustering |      36,48 |      39,30 
 DecisionTable |      52,58 |      51,25 
           END |      54,14 |      52,73 
           IBk |      49,06 |      45,63 
           J48 |      53,59 |      49,84 
    LogitBoost |      52,42 |      52,27 
    NaiveBayes |      54,06 |      47,27 
    Regression |      51,80 |      55,08 
RotationForest |      53,52 |      56,56 
           SMO |      46,41 |      56,02 
