    Classifier | Test #1 | Test #2 | Test #3 | Test #4 | Test #5 | Test #6 | Test #7 | Test #8 | Test #9 | Test #10 | Correct | Kappa 
---------------+---------+---------+---------+---------+---------+---------+---------+---------+---------+----------+---------+-------
       Bagging |   44,53 |   35,16 |   42,97 |   40,63 |   35,16 |   40,63 |   35,16 |   34,38 |   43,75 |    42,97 |   39,53 | 0,194 
    Clustering |   34,38 |   37,50 |   35,16 |   35,94 |   33,59 |   34,38 |   35,94 |   37,50 |   35,94 |    33,59 |   35,39 | 0,139 
 DecisionTable |   35,16 |   35,16 |   35,16 |   35,94 |   35,16 |   35,16 |   39,06 |   35,16 |   35,94 |    36,72 |   35,86 | 0,145 
           END |   39,84 |   37,50 |   44,53 |   39,06 |   40,63 |   38,28 |   44,53 |   41,41 |   37,50 |    40,63 |   40,39 | 0,205 
           IBk |   38,28 |   36,72 |   31,25 |   35,16 |   35,16 |   38,28 |   28,91 |   38,28 |   33,59 |    37,50 |   35,31 | 0,138 
           J48 |   39,84 |   29,69 |   37,50 |   42,97 |   41,41 |   37,50 |   35,94 |   36,72 |   40,63 |    42,97 |   38,52 | 0,180 
    LogitBoost |   38,28 |   46,09 |   39,06 |   40,63 |   32,81 |   34,38 |   38,28 |   36,72 |   40,63 |    36,72 |   38,36 | 0,178 
    NaiveBayes |   43,75 |   40,63 |   41,41 |   35,16 |   44,53 |   39,84 |   41,41 |   36,72 |   43,75 |    39,06 |   40,63 | 0,208 
    Regression |   40,63 |   44,53 |   34,38 |   37,50 |   37,50 |   40,63 |   43,75 |   39,84 |   40,63 |    42,19 |   40,16 | 0,202 
RotationForest |   32,03 |   43,75 |   47,66 |   46,88 |   38,28 |   37,50 |   42,19 |   35,94 |   44,53 |    38,28 |   40,70 | 0,209 
           SMO |   34,38 |   32,81 |   35,94 |   39,06 |   37,50 |   42,97 |   36,72 |   39,84 |   33,59 |    38,28 |   37,11 | 0,161 


    Classifier | Test #1 | Test #2 | Test #3 | Test #4 | Test #5 | Test #6 | Test #7 | Test #8 | Test #9 | Test #10 | Correct | Kappa 
---------------+---------+---------+---------+---------+---------+---------+---------+---------+---------+----------+---------+-------
       Bagging |   37,50 |   39,06 |   39,06 |   37,50 |   33,59 |   31,25 |   36,72 |   39,06 |   39,06 |    35,16 |   36,80 | 0,157 
    Clustering |   35,16 |   30,47 |   35,16 |   35,16 |   34,38 |   33,59 |   32,81 |   37,50 |   32,03 |    35,16 |   34,14 | 0,122 
 DecisionTable |   35,94 |   38,28 |   34,38 |   34,38 |   28,91 |   41,41 |   38,28 |   41,41 |   33,59 |    40,63 |   36,72 | 0,156 
           END |   32,81 |   44,53 |   41,41 |   35,94 |   32,81 |   39,84 |   38,28 |   37,50 |   32,81 |    32,81 |   36,88 | 0,158 
           IBk |   39,06 |   27,34 |   30,47 |   32,03 |   30,47 |   29,69 |   28,91 |   30,47 |   34,38 |    28,91 |   31,17 | 0,082 
           J48 |   30,47 |   32,81 |   28,91 |   30,47 |   35,16 |   39,06 |   35,16 |   34,38 |   30,47 |    34,38 |   33,13 | 0,108 
    LogitBoost |   43,75 |   35,94 |   35,94 |   37,50 |   42,19 |   48,44 |   43,75 |   39,84 |   36,72 |    33,59 |   39,77 | 0,197 
    NaiveBayes |   40,63 |   35,16 |   39,84 |   42,19 |   41,41 |   36,72 |   40,63 |   35,94 |   37,50 |    35,16 |   38,52 | 0,180 
    Regression |   40,63 |   38,28 |   38,28 |   36,72 |   36,72 |   41,41 |   35,94 |   38,28 |   37,50 |    38,28 |   38,20 | 0,176 
RotationForest |   32,03 |   43,75 |   38,28 |   39,06 |   33,59 |   39,84 |   37,50 |   42,97 |   34,38 |    36,72 |   37,81 | 0,171 
           SMO |   42,97 |   35,94 |   41,41 |   42,97 |   41,41 |   41,41 |   39,06 |   39,06 |   42,19 |    39,84 |   40,63 | 0,208 


    Classifier | Correct #0 | Correct #1 
---------------+------------+------------
       Bagging |      39,53 |      36,80 
    Clustering |      35,39 |      34,14 
 DecisionTable |      35,86 |      36,72 
           END |      40,39 |      36,88 
           IBk |      35,31 |      31,17 
           J48 |      38,52 |      33,13 
    LogitBoost |      38,36 |      39,77 
    NaiveBayes |      40,63 |      38,52 
    Regression |      40,16 |      38,20 
RotationForest |      40,70 |      37,81 
           SMO |      37,11 |      40,63 
