    Classifier | Test #1 | Test #2 | Test #3 | Test #4 | Test #5 | Test #6 | Test #7 | Test #8 | Test #9 | Test #10 | Correct | Kappa 
---------------+---------+---------+---------+---------+---------+---------+---------+---------+---------+----------+---------+-------
       Bagging |   45,31 |   46,09 |   46,09 |   50,78 |   43,75 |   49,22 |   49,22 |   46,88 |   48,44 |    43,75 |   46,95 | 0,293 
    Clustering |   43,75 |   47,66 |   44,53 |   42,19 |   44,53 |   44,53 |   45,31 |   43,75 |   42,97 |    43,75 |   44,30 | 0,257 
 DecisionTable |   53,91 |   43,75 |   48,44 |   40,63 |   42,97 |   49,22 |   57,81 |   51,56 |   45,31 |    42,97 |   47,66 | 0,302 
           END |   53,13 |   50,78 |   45,31 |   50,78 |   50,78 |   50,78 |   56,25 |   52,34 |   48,44 |    50,00 |   50,86 | 0,345 
           IBk |   35,16 |   50,78 |   42,19 |   49,22 |   43,75 |   43,75 |   45,31 |   42,97 |   46,09 |    50,78 |   45,00 | 0,267 
           J48 |   52,34 |   45,31 |   46,88 |   53,91 |   49,22 |   49,22 |   53,13 |   41,41 |   55,47 |    48,44 |   49,53 | 0,327 
    LogitBoost |   49,22 |   44,53 |   46,88 |   49,22 |   49,22 |   50,00 |   54,69 |   53,91 |   54,69 |    57,03 |   50,94 | 0,346 
    NaiveBayes |   53,91 |   44,53 |   49,22 |   53,13 |   57,81 |   45,31 |   46,09 |   53,13 |   42,19 |    49,22 |   49,45 | 0,326 
    Regression |   52,34 |   48,44 |   51,56 |   53,91 |   46,09 |   48,44 |   50,00 |   43,75 |   50,78 |    44,53 |   48,98 | 0,320 
RotationForest |   44,53 |   45,31 |   45,31 |   47,66 |   47,66 |   54,69 |   46,09 |   52,34 |   51,56 |    42,19 |   47,73 | 0,303 
           SMO |   48,44 |   39,84 |   47,66 |   40,63 |   48,44 |   42,19 |   46,88 |   46,09 |   47,66 |    46,88 |   45,47 | 0,273 


    Classifier | Test #1 | Test #2 | Test #3 | Test #4 | Test #5 | Test #6 | Test #7 | Test #8 | Test #9 | Test #10 | Correct | Kappa 
---------------+---------+---------+---------+---------+---------+---------+---------+---------+---------+----------+---------+-------
       Bagging |   49,22 |   54,69 |   57,03 |   49,22 |   56,25 |   57,81 |   53,13 |   57,03 |   55,47 |    58,59 |   54,84 | 0,398 
    Clustering |   42,19 |   39,84 |   40,63 |   39,06 |   42,97 |   41,41 |   39,06 |   40,63 |   40,63 |    41,41 |   40,78 | 0,210 
 DecisionTable |   48,44 |   48,44 |   57,81 |   50,00 |   52,34 |   50,00 |   46,88 |   42,97 |   46,88 |    54,69 |   49,84 | 0,331 
           END |   47,66 |   50,78 |   60,94 |   51,56 |   48,44 |   46,88 |   50,78 |   48,44 |   54,69 |    54,69 |   51,48 | 0,353 
           IBk |   47,66 |   46,09 |   50,78 |   50,00 |   48,44 |   52,34 |   49,22 |   40,63 |   54,69 |    49,22 |   48,91 | 0,319 
           J48 |   41,41 |   44,53 |   46,88 |   52,34 |   56,25 |   48,44 |   46,88 |   46,09 |   50,78 |    48,44 |   48,20 | 0,309 
    LogitBoost |   54,69 |   57,03 |   56,25 |   50,78 |   57,81 |   53,13 |   54,69 |   58,59 |   50,00 |    53,13 |   54,61 | 0,395 
    NaiveBayes |   46,09 |   50,78 |   46,88 |   43,75 |   53,91 |   49,22 |   53,13 |   56,25 |   44,53 |    49,22 |   49,38 | 0,325 
    Regression |   60,16 |   50,00 |   59,38 |   56,25 |   55,47 |   52,34 |   56,25 |   56,25 |   58,59 |    58,59 |   56,33 | 0,418 
RotationForest |   50,00 |   54,69 |   53,13 |   56,25 |   57,81 |   48,44 |   46,88 |   49,22 |   44,53 |    56,25 |   51,72 | 0,356 
           SMO |   57,03 |   46,88 |   54,69 |   53,13 |   50,78 |   53,13 |   43,75 |   50,00 |   49,22 |    53,91 |   51,25 | 0,350 


    Classifier | Correct #0 | Correct #1 
---------------+------------+------------
       Bagging |      46,95 |      54,84 
    Clustering |      44,30 |      40,78 
 DecisionTable |      47,66 |      49,84 
           END |      50,86 |      51,48 
           IBk |      45,00 |      48,91 
           J48 |      49,53 |      48,20 
    LogitBoost |      50,94 |      54,61 
    NaiveBayes |      49,45 |      49,38 
    Regression |      48,98 |      56,33 
RotationForest |      47,73 |      51,72 
           SMO |      45,47 |      51,25 
