CayleyDistanceMean
CanberraDistanceMean
LevenshteinDistanceMean
LAbsMean
KendallTauMean
LSquareMean
CayleyDistanceMin
LAbsMin
LevenshteinDistanceMin
CanberraDistanceMin
class

Bagging
  936    53     1    10     0     0 
   80   813     4    54    32    17 
  135    52   608    95    96    14 
  134   130    71   199   383    83 
   17    99    55   269   439   121 
    1    18     7    31    47   896 
0.638
0.5782
64.85%

DecisionTable
  929    65     1     5     0     0 
   79   803     0    57    41    20 
  141    60   616    56   108    19 
  137   151    61   135   430    86 
   23   117    45   146   524   145 
    9    16     5    28    63   879 
0.636
0.5772
64.77%

IBk
  937    61     0     2     0     0 
   97   814     0    53    20    16 
  134    65   621    71    96    13 
  135   157    56   224   342    86 
   20   109    60   263   424   124 
    1    17     8    31    37   906 
0.644
0.5852
65.43%

J48
  849    67    39    43     2     0 
   77   729    31    89    53    21 
  124    54   603    64   139    16 
  117   131    84   181   410    77 
   21    85    70   180   525   119 
    2    29    12    48    66   843 
0.612
0.5460
62.17%

LogitBoost
  937    63     0     0     0     0 
   82   855     0    46     5    12 
  140    62   615    64   100    19 
  135   165    61   191   342   106 
   18   125    45   186   476   150 
    1    28     4    39    35   893 
0.650
0.5934
66.12%

NaiveBayes
  971    28     0     1     0     0 
  172   744     0    60    15     9 
  147    65   646    46    81    15 
  156   150   106   139   331   118 
   24   124   127   136   409   180 
    1     9    55    23    45   867 
0.610
0.5552
62.93%

ClassificationViaRegression
  944    54     0     2     0     0 
   82   838     0    51    10    19 
  141    51   621    45   125    17 
  141   125    63   153   410   108 
   17   112    51   126   544   150 
    1    20     4    14    44   917 
0.658
0.6034
66.95%

SMO
  963    37     0     0     0     0 
  154   773     0    26    23    24 
  147    58   604    30   147    14 
  149   147    50    76   477   101 
   21   121    43    68   609   138 
    1    19     5     0    48   927 
0.647
0.5904
65.87%

