LSquareMean
KendallTauMean
LAbsMean
CanberraDistanceMean
LevenshteinDistanceMean
LAbsMin
KendallTauMin
CanberraDistanceMin
LSquareMin
LevenshteinDistanceMin
class

Bagging
  899    95     2     4     0     0 
  133   756     3    57    22    29 
  128    66   614    84    96    12 
  128   142    70   218   367    75 
   17    95    61   251   461   115 
    1    22     5    30    43   899 
0.633
0.5694
64.12%

DecisionTable
  908    90     0     2     0     0 
  152   741     3    57    18    29 
  140    65   617    45   117    16 
  135   139    62   125   432   107 
   26   100    58   125   538   153 
   11    23     5     8    93   860 
0.621
0.5578
63.15%

IBk
  912    87     0     1     0     0 
  142   752     2    56    16    32 
  136    67   621    71    94    11 
  129   160    62   233   334    82 
   21   110    54   211   465   139 
    1    23     7    24    36   909 
0.641
0.5784
64.87%

J48
  784   116    44    52     4     0 
  119   675    44    89    40    33 
  112    56   614    81   123    14 
  123   130    93   200   394    60 
   19    81    95   223   466   116 
    1    38    12    43    90   816 
0.585
0.5110
59.25%

LogitBoost
  900    99     1     0     0     0 
  129   819     0    30     5    17 
  127    79   609    77    88    20 
  129   186    47   183   337   118 
   19   129    45   186   454   167 
    1    40     2    35    26   896 
0.634
0.5722
64.35%

NaiveBayes
  940    59     0     1     0     0 
  195   721     0    50    21    13 
  147    66   641    32    85    29 
  146   152    97    92   327   186 
   24   118   115    87   380   276 
    1    17    49    18    49   866 
0.586
0.5280
60.67%

ClassificationViaRegression
  903    96     0     1     0     0 
  124   791     0    42    14    29 
  131    67   622    58   103    19 
  130   159    69   167   388    87 
   20   110    49   151   526   144 
    1    23     4     9    39   924 
0.645
0.5866
65.55%

SMO
  937    62     0     1     0     0 
  171   742     0    34    19    34 
  142    58   579    40   165    16 
  141   140    65    86   465   103 
   22   110    62    79   572   155 
    1    24     1     0    45   929 
0.628
0.5690
64.08%

