CanberraDistanceMean
CanberraDistanceMin
LAbsMean
LSquareMean
LMaxStandardDeviation
LAbsMin
CanberraDistanceStandardDeviation
KendallTauMin
KendallTauMean
LSquareMin
class

Bagging
  556   119   110   101    87    27 
   13   808    40    62    75     2 
  154   173   241   192   151    89 
  125   194   219   190   175    97 
  121   228   185   174   199    93 
   24    14    36    17    17   892 
0.461
0.3772
48.10%

DecisionTable
  551   170   102    92    51    34 
    6   900    21    49    23     1 
  149   239   228   176    96   112 
  106   292   198   170   111   123 
  114   316   184   159   114   113 
   58    14    29    16    12   871 
0.448
0.3668
47.23%

IBk
  564   156   101    84    72    23 
    8   867    29    51    45     0 
  150   205   220   193   144    88 
  118   249   208   181   146    98 
  118   299   184   169   138    92 
   29    12    30    15    19   895 
0.454
0.3730
47.75%

J48
  494    88   170    98   123    27 
   79   604    95    96   116    10 
  152   127   288   183   177    73 
  157   145   271   152   199    76 
  142   169   237   161   203    88 
   40    14    53    41    44   808 
0.416
0.3098
42.48%

LogitBoost
  576   172   122    89    26    15 
    0   938     3    41    14     4 
  154   260   251   201    39    95 
  111   293   220   208    58   110 
  117   322   220   174    55   112 
   32    14    45     7    13   889 
0.461
0.3834
48.62%

NaiveBayes
  520   195    64   153     1    67 
    0   930     0    68     1     1 
  112   279    49   370     1   189 
   76   345    56   354     3   166 
   79   365    48   335     1   172 
   38    11     1    29     3   918 
0.416
0.3544
46.20%

ClassificationViaRegression
  565   154   133    93    31    24 
    0   888    11    90     9     2 
  163   205   287   166    70   109 
  108   239   268   205    69   111 
  121   284   253   161    71   110 
   30    16    21     0    12   921 
0.464
0.3874
48.95%

SMO
  569   177    58    49   118    29 
    0   934     0    19    45     2 
  154   256    76   106   278   130 
  109   300    71   104   287   129 
  109   336    63    84   279   129 
   33    13     5     0    27   922 
0.453
0.3768
48.07%

