CanberraDistanceStandardDeviation
KendallTauStandardDeviation
LAbsStandardDeviation
LSquareStandardDeviation
CanberraDistanceKurtosis
LAbsMin
CanberraDistanceMin
LSquareMin
KendallTauMin
LAbsKurtosis
class

Bagging
  542   165   122    89    67    15 
   15   770    52    79    83     1 
  156   213   227   166   161    77 
  115   261   204   165   167    88 
  118   284   206   165   132    95 
   25     8    26    18    28   895 
0.435
0.3462
45.52%

DecisionTable
  563   194    97    83    32    31 
    4   851    22    73    50     0 
  161   269   177   181    88   124 
  118   319   168   182   100   113 
  115   340   155   189    93   108 
   29    10    36    11    18   896 
0.435
0.3524
46.03%

IBk
  554   177   122    78    55    14 
    7   834    44    64    51     0 
  164   225   227   179   118    87 
  109   303   199   162   131    96 
  122   315   206   177    84    96 
   26     9    27    14    20   904 
0.434
0.3530
46.08%

J48
  528   111   126   107   108    20 
   88   483   131   146   152     0 
  217   137   219   176   182    69 
  169   181   215   169   190    76 
  153   185   192   204   172    94 
   31    13    50    39    37   830 
0.390
0.2802
40.02%

LogitBoost
  564   196    89    89    46    16 
    5   849    20    93    32     1 
  166   258   171   187   137    81 
  123   309   144   214   120    90 
  115   310   160   204   122    89 
   25    10    42    17    27   879 
0.445
0.3598
46.65%

NaiveBayes
  593   266    52    55     9    25 
    0   940     0    46    11     3 
  179   424   107   105    48   137 
  145   468    70   138    38   141 
  143   460    81   131    52   133 
   28    11    20     8    14   919 
0.436
0.3498
45.82%

ClassificationViaRegression
  591   191    80    89    27    22 
    0   922    11    47    18     2 
  199   279   176   161    91    94 
  144   334   150   184    78   110 
  133   347   164   167    74   115 
   22    14    23     7    16   918 
0.448
0.3730
47.75%

SMO
  576   213    85    69    43    14 
    0   931     0    34    35     0 
  153   289   162   170   123   103 
  107   363   122   164   130   114 
  105   376   133   151   126   109 
   31    13    20     6    20   910 
0.454
0.3738
47.82%

