KendallTauMean
LAbsMean
LSquareMean
CanberraDistanceMean
LevenshteinDistanceMean
LAbsMin
KendallTauMin
CanberraDistanceMin
LSquareMin
LevenshteinDistanceMin
class

Bagging
  750   199     3    28    16     4 
  247   590     2    64    60    37 
   28    43   785    83    46    15 
  104   106    87   286   321    96 
   41   114    55   277   349   164 
    4    37    22    35    52   850 
0.594
0.5220
60.17%

DecisionTable
  800   167     0    16     9     8 
  372   454     0    60    63    51 
   44    41   792    62    40    21 
  104   129    95   261   275   136 
   48   146    66   234   295   211 
    8    46    21    28    47   850 
0.564
0.4904
57.53%

IBk
  784   172     4    19    15     6 
  306   548     1    49    59    37 
   31    39   786    89    40    15 
  105   123    91   319   267    95 
   46   130    60   288   293   183 
    5    33    16    45    40   861 
0.589
0.5182
59.85%

J48
  662   215    14    78    25     6 
  274   479    23    91    96    37 
   36    35   754    83    68    24 
   99   109   118   312   272    90 
   58   106    87   304   299   146 
    6    41    22    89    95   747 
0.537
0.4506
54.22%

LogitBoost
  786   180     2    12    14     6 
  319   562     0    40    51    28 
   27    41   798    56    58    20 
   90   144   101   193   355   117 
   44   138    66   181   374   197 
    4    37    14    38    76   831 
0.579
0.5088
59.07%

NaiveBayes
  637   341     4     0    16     2 
  307   596     0     0    76    21 
   26    55   838     1    55    25 
   66   225   164     5   302   238 
   24   213   122     1   302   338 
    2    63    79     1   100   755 
0.529
0.4266
52.22%

ClassificationViaRegression
  772   174     5    18    26     5 
  252   600     0    51    61    36 
   29    35   796    54    63    23 
  117    98   102   275   291   117 
   58    94    67   234   344   203 
    5    39    17    19    36   884 
0.601
0.5342
61.18%

SMO
  825   143     4    21     1     6 
  358   516     0    70    13    43 
   35    36   815    66    21    27 
  120   117   138   377   146   102 
   53   130    97   355   182   183 
    5    34    17    24    55   865 
0.584
0.5160
59.67%

