CayleyDistanceMean
LevenshteinDistanceMean
CanberraDistanceMean
LAbsMean
KendallTauMean
LSquareMean
CayleyDistanceMin
CanberraDistanceMin
LevenshteinDistanceMin
LAbsMin
class

Bagging
  787   188     4    12     9     0 
  235   599     1    61    70    34 
   36    29   784    77    51    23 
   82   169    93   262   297    97 
   32   147    63   296   290   172 
    4    35    15    44    77   825 
0.581
0.5094
59.12%

DecisionTable
  817   167     1     6     9     0 
  267   580     0    50    69    34 
   41    43   781    74    37    24 
   88   194    92   254   272   100 
   27   185    64   231   303   190 
    9    34    20    35    94   808 
0.581
0.5086
59.05%

IBk
  803   179     4     4    10     0 
  280   580     0    55    54    31 
   34    47   791    78    32    18 
   93   190    93   307   238    79 
   31   172    59   301   264   173 
    3    34    17    45    75   826 
0.586
0.5142
59.52%

J48
  722   178    18    54    27     1 
  258   456    26   118   108    34 
   32    30   780    84    54    20 
  100   141   126   287   263    83 
   45   138    91   290   263   173 
    6    34    32    75    95   758 
0.536
0.4532
54.43%

LogitBoost
  832   152     4     4     8     0 
  292   584     0    15    84    25 
   40    32   798    46    62    22 
   96   194    90   218   280   122 
   36   198    61   195   303   207 
    2    35    15    13   101   834 
0.585
0.5138
59.48%

NaiveBayes
  832   156     4     0     8     0 
  320   587     0     0    79    14 
   35    48   840     6    58    13 
   89   232   165    17   368   129 
   34   232   110    14   373   237 
    3    47    63     0   120   767 
0.558
0.4832
56.93%

ClassificationViaRegression
  820   159     2     5    14     0 
  215   640     1    27    83    34 
   39    31   804    52    47    27 
   93   170   100   206   306   125 
   27   167    67   186   334   219 
    3    28    22    22    45   880 
0.601
0.5368
61.40%

SMO
  882   103     4    11     0     0 
  382   493     0    69    33    23 
   41    34   804    75    20    26 
  107   185   101   367   142    98 
   44   187    73   360   138   198 
    3    32    14    21    83   847 
0.572
0.5062
58.85%

