LSquareMean
CanberraDistanceMean
LAbsMean
KendallTauMean
CanberraDistanceMin
LAbsMin
LevenshteinDistanceMean
KendallTauMin
LSquareMin
LMaxMean
LevenshteinDistanceMin
CanberraDistanceMax
LAbsMax
class

Bagging
  885   104     2     9     0     0 
  132   754     9    42    36    27 
  128    65   620    76   101    10 
  127   139    73   242   331    88 
   19    91    63   245   461   121 
    1    26     5    23    43   902 
0.636
0.5728
64.40%

DecisionTable
  912    86     0     2     0     0 
  157   741     3    56    19    24 
  141    65   613    52   112    17 
  139   138    62   125   430   106 
   28   100    56   125   539   152 
   14    24     5    13    93   851 
0.619
0.5562
63.02%

IBk
  909    91     0     0     0     0 
  148   751     3    43    24    31 
  135    63   617    76    95    14 
  135   131    68   240   335    91 
   20   108    53   227   456   136 
    1    20     7    26    39   907 
0.639
0.5760
64.67%

J48
  728   117    64    83     8     0 
  131   639    47    98    52    33 
  100    58   604   104   121    13 
  106   133   101   198   392    70 
   17    88    95   205   474   121 
    0    31    12    57    90   810 
0.570
0.4906
57.55%

LogitBoost
  893   104     0     3     0     0 
  131   783     0    42    26    18 
  124    73   610    59   118    16 
  129   155    47   149   426    94 
   22   112    45   158   526   137 
    0    36     2    32    60   870 
0.630
0.5662
63.85%

NaiveBayes
  939    60     0     1     0     0 
  198   731     0    45     8    18 
  146    61   645    40    84    24 
  146   157    99   102   328   168 
   24   116   114    95   429   222 
    1    25    37    21    44   872 
0.600
0.5436
61.97%

ClassificationViaRegression
  909    90     0     0     1     0 
  127   789     1    15    34    34 
  126    72   620    38   125    19 
  130   162    66   107   432   103 
   20   120    51    92   578   139 
    1    26     3    10    31   929 
0.645
0.5864
65.53%

SMO
  932    67     0     1     0     0 
  168   739     0    37    25    31 
  140    56   567    34   188    15 
  140   142    54    80   491    93 
   22   112    64    68   584   150 
    1    24     3     0    45   927 
0.627
0.5658
63.82%

