LSquareMean
CanberraDistanceMean
LAbsMean
KendallTauMean
CanberraDistanceMin
LAbsMin
LevenshteinDistanceMean
KendallTauMin
LSquareMin
class

Bagging
  897    99     0     4     0     0 
  130   757     3    58    23    29 
  130    69   616    77    96    12 
  131   139    72   216   368    74 
   17    98    60   248   457   120 
    1    22     5    30    39   903 
0.632
0.5692
64.10%

DecisionTable
  912    86     0     2     0     0 
  154   739     3    56    19    29 
  140    65   613    48   118    16 
  138   137    62   124   432   107 
   27   100    58   119   544   152 
   11    24     5     8    91   861 
0.622
0.5586
63.22%

IBk
  914    85     0     1     0     0 
  139   751     4    57    20    29 
  134    67   621    67    99    12 
  133   149    65   224   349    80 
   22   105    54   218   466   135 
    1    23     5    15    44   912 
0.640
0.5776
64.80%

J48
  774   116    48    56     6     0 
  126   702    30    74    35    33 
  112    68   626    62   119    13 
  111   142    90   163   429    65 
   20    89    86   171   516   118 
    0    37    16    35    87   825 
0.591
0.5212
60.10%

LogitBoost
  902    97     1     0     0     0 
  130   818     0    30     5    17 
  128    78   609    77    88    20 
  129   186    47   183   337   118 
   19   129    45   186   454   167 
    1    40     2    35    26   896 
0.635
0.5724
64.37%

NaiveBayes
  939    60     0     1     0     0 
  195   721     0    46    24    14 
  145    63   641    37    87    27 
  146   151    98    89   333   183 
   24   115   118    79   394   270 
    1    13    48    19    55   864 
0.587
0.5296
60.80%

ClassificationViaRegression
  905    94     0     1     0     0 
  126   791     0    41    14    28 
  132    66   621    56   106    19 
  130   158    67   163   390    92 
   20   113    52   151   527   137 
    1    27     4     9    37   922 
0.644
0.5858
65.48%

SMO
  938    61     0     1     0     0 
  170   740     0    37    19    34 
  142    58   590    40   154    16 
  140   139    61    88   471   101 
   22   111    63    78   571   155 
    1    24     0     0    46   929 
0.630
0.5712
64.27%

