CayleyDistanceMean
LSquareMean
CanberraDistanceMean
LevenshteinDistanceMean
KendallTauMean
LAbsMean
CayleyDistanceMax
CayleyDistanceMin
CanberraDistanceMin
KendallTauMin
LAbsMin
LevenshteinDistanceMin
class

Bagging
  932    58     2     7     1     0 
   82   814     4    49    33    18 
  136    51   611    96    96    10 
  133   138    66   219   361    83 
   19    94    62   261   438   126 
    1    16     7    32    44   900 
0.642
0.5828
65.23%

DecisionTable
  929    65     1     5     0     0 
   79   803     0    57    41    20 
  141    60   616    56   108    19 
  137   151    61   135   430    86 
   23   117    45   146   524   145 
    9    16     5    28    63   879 
0.636
0.5772
64.77%

IBk
  938    60     1     1     0     0 
  100   805     1    46    29    19 
  139    60   618    79    91    13 
  136   162    56   219   342    85 
   19   115    54   252   435   125 
    1    17     8    29    42   903 
0.643
0.5836
65.30%

J48
  839    81    43    36     1     0 
   81   725    38    85    47    24 
  121    54   608    84   122    11 
  105   130   118   212   357    78 
   22    83    89   222   462   122 
    1    26    14    63    85   811 
0.601
0.5314
60.95%

LogitBoost
  935    63     0     2     0     0 
   81   836     0    38    34    11 
  140    56   615    52   123    14 
  136   142    62   108   455    97 
   18   111    45   125   564   137 
    1    25     4    14    63   893 
0.645
0.5902
65.85%

NaiveBayes
  971    29     0     0     0     0 
  180   748     0    51    11    10 
  148    63   646    50    82    11 
  155   152   108   142   330   113 
   24   125   130   141   404   176 
    1     9    50    22    44   874 
0.612
0.5570
63.08%

ClassificationViaRegression
  942    57     0     1     0     0 
   82   842     0    42    16    18 
  140    54   619    52   120    15 
  141   139    62   141   418    99 
   17   108    53   139   532   151 
    1    26     7    17    37   912 
0.651
0.5976
66.47%

SMO
  963    37     0     0     0     0 
  155   776     0    25    22    22 
  147    58   606    28   148    13 
  149   147    50    75   482    97 
   21   120    46    64   615   134 
    1    19     5     0    47   928 
0.650
0.5926
66.05%

