Mean
Skewness
Kurtosis
StandardDeviation
Max
class

Bagging
  920    61     9     9     0     1 
   93   797     2    34    21    53 
  133    60   607    60    75    65 
  139   121    64   127   268   281 
   17    92    47   171   326   347 
    1    43    12   132   239   573 
0.548
0.4700
55.83%

DecisionTable
  937    60     0     3     0     0 
  100   797     0    32     5    66 
  139    57   611    23    81    89 
  141   140    57    82   263   317 
   18   102    49    92   356   383 
    1    59     4    74   217   645 
0.559
0.4856
57.13%

IBk
  951    46     0     3     0     0 
   93   815     0    23    19    50 
  140    53   610    52    65    80 
  140   141    60   118   248   293 
   18   103    54   148   331   346 
    1    43     8   110   226   612 
0.561
0.4874
57.28%

J48
  897    64    17    20     2     0 
   88   762    20    43    26    61 
  133    50   616    59    76    66 
  128   125    76   150   275   246 
   16    81    72   159   350   322 
    1    49    27   147   223   553 
0.544
0.4656
55.47%

LogitBoost
  907    87     1     3     0     2 
   79   831     0    16     4    70 
  132    63   616    34    76    79 
  131   145    53    74   286   311 
   17   112    47    74   366   384 
    1    49     5    59   215   671 
0.566
0.4930
57.75%

NaiveBayes
  964    36     0     0     0     0 
  159   777     0     0     0    64 
  149    64   634     0    34   119 
  157   163    74     0   166   440 
   20   145    77     0   235   523 
    1   101    12     0   105   781 
0.522
0.4782
56.52%

ClassificationViaRegression
  937    63     0     0     0     0 
   86   834     0    20     0    60 
  140    59   617    29    58    97 
  142   150    57    58   253   340 
   16   114    47    50   365   408 
    1    63     6    12   190   728 
0.580
0.5078
58.98%

SMO
  982    18     0     0     0     0 
  206   723     0     2     0    69 
  154    48   588    11    79   120 
  160   130    43    36   199   432 
   23   112    46    23   260   536 
    1    54     5    15   103   822 
0.568
0.4822
56.85%

