StandardDeviation
Mean
Kurtosis
Skewness
Max
class

Bagging
  518   147   118    81    68    68 
   22   787    46    69    75     1 
  150   201   161   178   157   153 
  115   259   167   152   153   154 
  110   273   177   149   145   146 
   82    12    71    50    56   729 
0.393
0.2984
41.53%

DecisionTable
  512   161    47    52    27   201 
    0   879    10    57    53     1 
  142   221    94   125    59   359 
   91   272    99   121    79   338 
  110   295    74   123    74   324 
  129    11    52    22     3   783 
0.381
0.2926
41.05%

IBk
  542   164   101    68    54    71 
   22   869    17    40    51     1 
  153   233   154   165   124   171 
  115   292   162   157   114   160 
  121   296   145   158   120   160 
   90    13    68    39    41   749 
0.404
0.3182
43.18%

J48
  479   148   111   106    81    75 
   41   771    43    62    83     0 
  164   206   181   195   130   124 
  125   264   177   169   131   134 
  130   284   161   184   116   125 
   90    11    97    83    65   654 
0.376
0.2740
39.50%

LogitBoost
  487   177    19    73    12   232 
    0   935     5    33    27     0 
  117   257    22   183    20   401 
   78   323    22   187    27   363 
   85   342    22   158    34   359 
   95    13    18    46     0   828 
0.386
0.2986
41.55%

NaiveBayes
  413   215     0    75    44   253 
    0   976     0     5    19     0 
   99   299     0   222   133   247 
   52   382     0   225   122   219 
   64   393     0   208   125   210 
   96    13     0   298   162   431 
0.322
0.2340
36.17%

ClassificationViaRegression
  542   170   114    50    44    80 
    0   926    18    19    36     1 
  147   253   202   124    71   203 
  102   311   166   133    85   203 
  108   345   175   117    66   189 
   95    14    42    21     9   819 
0.416
0.3376
44.80%

SMO
  426   198     0    35    83   258 
    0   962     0    18    20     0 
   80   289     0   104   198   329 
   47   359     0   106   210   278 
   60   379     0   107   182   272 
   51    13     0    69   118   749 
0.359
0.2850
40.42%

