Mean
Skewness
Kurtosis
StandardDeviation
Max
class

Bagging
  802   168     4    10     9     7 
  224   583     1    35    73    84 
   37    35   783    54    44    47 
   96   156   101   177   196   274 
   41   145    67   173   210   364 
    2    76    15   128   227   552 
0.507
0.4214
51.78%

DecisionTable
  806   163     1     5    15    10 
  256   546     3    12    48   135 
   52    29   775    51    31    62 
  102   155   109   133   123   378 
   40   151    75   122   162   450 
    8    77    19    84   133   679 
0.504
0.4202
51.68%

IBk
  815   161     4     6     7     7 
  238   591     0    29    59    83 
   38    35   790    54    34    49 
   99   179    95   163   200   264 
   34   169    69   175   169   384 
    1    84    17   135   200   563 
0.501
0.4182
51.52%

J48
  771   160    14    27    18    10 
  246   489    13    85    70    97 
   40    27   793    59    30    51 
  102   133   111   168   140   346 
   46   137    80   157   141   439 
   10    73    33   105   127   652 
0.487
0.4028
50.23%

LogitBoost
  798   175     3     6    11     7 
  225   635     0     6    40    94 
   32    42   795    54    21    56 
   91   185   114   140   123   347 
   35   184    76   130   123   452 
    2   105    19    76   131   667 
0.510
0.4316
52.63%

NaiveBayes
    4   980     4     0     0    12 
    0   899     0     0     0   101 
    0    85   758    87    10    60 
    0   342    76   125    66   391 
    0   287    50    97    73   493 
    0   165     8    55    51   721 
0.482
0.3160
43.00%

ClassificationViaRegression
  817   163     3     1     4    12 
  249   616     0     4    17   114 
   42    36   801    42    17    62 
  102   180    96   129   100   393 
   44   178    68   108   113   489 
    2   102    15    56    68   757 
0.527
0.4466
53.88%

SMO
  912    68     4     0     0    16 
  423   458     0     0     0   119 
   43    34   813     9    18    83 
  123   163   117    15    44   538 
   50   180    87    18    31   634 
    5   101    23    16    18   837 
0.482
0.4132
51.10%

