LSquareMean
CanberraDistanceMean
KendallTauMean
KendallTauMin
LSquareMin
LAbsMean
CanberraDistanceMin
LAbsMin
LevenshteinDistanceMean
CanberraDistanceMax
LevenshteinDistanceMin
LevenshteinDistanceMax
class

Bagging
  753   196     3    29    15     4 
  248   589     3    56    62    42 
   27    42   790    69    52    20 
  100   114    84   313   300    89 
   41   123    60   286   321   169 
    5    36    21    42    55   841 
0.593
0.5214
60.12%

DecisionTable
  800   167     0    16     9     8 
  372   454     0    60    63    51 
   44    41   792    62    40    21 
  104   129    95   261   275   136 
   48   146    66   234   295   211 
    8    46    21    28    47   850 
0.564
0.4904
57.53%

IBk
  792   161     4    22    17     4 
  347   500     0    53    56    44 
   30    40   800    74    34    22 
  116   117   100   317   247   103 
   48   130    67   288   275   192 
    4    32    17    36    41   870 
0.582
0.5108
59.23%

J48
  657   230    13    61    36     3 
  277   464    35    95    87    42 
   28    36   757    92    74    13 
  104   110   119   283   303    81 
   57   106    92   308   292   145 
   10    47    24    78   110   731 
0.526
0.4368
53.07%

LogitBoost
  790   174     4    13    12     7 
  307   573     0    39    46    35 
   28    40   801    50    59    22 
   88   147   104   217   320   124 
   43   139    67   239   295   217 
    4    35    13    36    79   833 
0.572
0.5018
58.48%

NaiveBayes
  570   407     4     1    13     5 
  260   651     0     0    56    33 
   24    57   836     7    55    21 
   59   236   164    12   325   204 
   20   218   112    10   320   320 
    2    76    54     1    53   814 
0.523
0.4406
53.38%

ClassificationViaRegression
  793   167     4    15    15     6 
  260   589     1    59    51    40 
   34    30   791    56    61    28 
  129    97   102   253   304   115 
   58    90    67   251   333   201 
    6    32    12    21    35   894 
0.597
0.5306
60.88%

SMO
  823   146     4    22     3     2 
  350   524     0    67    19    40 
   34    36   808    64    28    30 
  116   124   139   354   163   104 
   53   131   101   335   194   186 
    5    34    15    16    59   871 
0.582
0.5148
59.57%

