hv5
hv4
class

Bagging
  774   206     4     8     8     0 
  254   547     2    78    78    41 
   32    42   772    85    47    22 
   84   180    90   281   265   100 
   29   173    69   268   278   183 
    2    32    17    43    86   820 
0.570
0.4944
57.87%

DecisionTable
  810   176     3     6     3     2 
  254   583     0    45    65    53 
   36    42   776    74    43    29 
   85   194   109   242   270   100 
   28   198    70   214   309   181 
    4    28    24    31    97   816 
0.579
0.5072
58.93%

IBk
  810   177     4     3     6     0 
  268   561     0    72    57    42 
   35    40   796    76    33    20 
   90   197    97   263   256    97 
   26   191    67   287   245   184 
    3    33    19    51    77   817 
0.570
0.4984
58.20%

J48
  763   206     5    13    12     1 
  255   542     8    72    87    36 
   34    43   779    68    56    20 
   84   182   103   246   293    92 
   30   176    80   255   274   185 
    5    43    18    46    79   809 
0.559
0.4826
56.88%

LogitBoost
  797   191     3     5     3     1 
  270   563     0   119    38    10 
   33    44   793    53    32    45 
   91   177   162   327   174    69 
   33   179   125   336   195   132 
    2    26    23   168    70   711 
0.556
0.4772
56.43%

NaiveBayes
  846   131     4     8     7     4 
  303   469     3    83    73    69 
   37    30   858    22    35    18 
   95   137   313   144   215    96 
   36   127   256   173   241   167 
    3    18    47    39   125   768 
0.532
0.4652
55.43%

ClassificationViaRegression
  796   191     4     3     6     0 
  248   589     0    50    67    46 
   34    43   788    63    42    30 
   88   203    88   257   247   117 
   25   198    64   268   233   212 
    3    43    22    23    54   855 
0.574
0.5036
58.63%

SMO
  813   165     4     5     5     8 
  260   552     0    42    58    88 
   36    34   847    22    35    26 
   88   174   217   107   250   164 
   29   159   158   128   330   196 
    3    85    47   129   368   368 
0.484
0.4034
50.28%

