LSquareMean
KendallTauMean
LAbsMean
CanberraDistanceMean
LevenshteinDistanceMean
LAbsMin
KendallTauMin
CanberraDistanceMin
LSquareMin
LevenshteinDistanceMin
LMaxMean
CanberraDistanceMax
LAbsMax
LevenshteinDistanceMax
LSquareStandardDeviation
class

Bagging
  892   103     1     3     1     0 
  119   767     8    44    37    25 
  129    67   613    76   101    14 
  130   143    62   243   331    91 
   21    93    52   241   461   132 
    1    25     5    28    50   891 
0.637
0.5734
64.45%

DecisionTable
  898   100     0     1     1     0 
  134   766     1    50    26    23 
  135    65   605    49   128    18 
  130   142    57   118   440   113 
   20   100    52   119   554   155 
    5    29     4    12    61   889 
0.627
0.5660
63.83%

IBk
  920    80     0     0     0     0 
  152   744     0    57    20    27 
  136    60   620    72    96    16 
  134   139    72   215   349    91 
   20   104    56   248   445   127 
    1    23    10    18    49   899 
0.631
0.5686
64.05%

J48
  755   104    64    71     6     0 
  109   681    42    94    49    25 
   99    67   609    88   123    14 
  112   127   104   213   366    78 
   17    97    95   237   449   105 
    0    31    13    63    87   806 
0.579
0.5026
58.55%

LogitBoost
  878   118     0     4     0     0 
  113   802     0    41    21    23 
  120    76   608    60   123    13 
  127   153    54   155   407   104 
   20   108    50   143   540   139 
    1    28     2    29    47   893 
0.637
0.5752
64.60%

NaiveBayes
  940    58     0     2     0     0 
  200   726     0    46     9    19 
  145    64   643    39    92    17 
  147   158    95   106   351   143 
   25   113   107   100   461   194 
    1    25    23    13    57   881 
0.608
0.5514
62.62%

ClassificationViaRegression
  903    95     0     2     0     0 
  131   783     1    26    29    30 
  128    72   618    35   133    14 
  125   162    65   104   445    99 
   21   113    52   116   564   134 
    1    26     5    10    40   918 
0.635
0.5780
64.83%

SMO
  933    65     0     2     0     0 
  170   737     0    40    22    31 
  141    55   566    36   189    13 
  140   139    53    85   483   100 
   22   113    59    68   596   142 
    1    24     3     0    51   921 
0.630
0.5676
63.97%

