CanberraDistanceMean
CanberraDistanceMin
LAbsMean
LSquareMean
LMaxStandardDeviation
LAbsMin
CanberraDistanceStandardDeviation
KendallTauMin
KendallTauMean
LSquareMin
LAbsStandardDeviation
LSquareStandardDeviation
LMaxMean
LevenshteinDistanceMean
KendallTauStandardDeviation
class

Bagging
  553   119   112    80   114    22 
   10   794    47    73    73     3 
  153   173   222   191   173    88 
  118   217   205   192   167   101 
  123   230   189   181   183    94 
   23    12    32    15    27   891 
0.453
0.3670
47.25%

DecisionTable
  552   163   125    99    39    22 
    7   881    21    54    36     1 
  153   227   239   210    75    96 
  115   285   219   207    74   100 
  114   319   186   186    92   103 
   42    12    37    20    18   871 
0.452
0.3684
47.37%

IBk
  567   160   118    70    62    23 
    4   872    36    43    45     0 
  149   217   223   187   129    95 
  109   271   216   179   131    94 
  127   299   197   151   133    93 
   30    12    24    20    22   892 
0.454
0.3732
47.77%

J48
  483    77   187   121   113    19 
   84   565   114   118   116     3 
  177   117   274   176   186    70 
  136   147   270   185   181    81 
  133   159   255   178   196    79 
   25     8    56    45    53   813 
0.414
0.3032
41.93%

LogitBoost
  546   171   117    84    68    14 
    0   935     5    33    22     5 
  137   257   201   193   112   100 
   99   295   183   181   134   108 
   97   318   189   160   125   111 
   36    13    24     7    25   895 
0.456
0.3766
48.05%

NaiveBayes
  554   203    28   165     4    46 
    0   933     0    55    10     2 
  131   288    32   345    31   173 
   88   352    30   339    29   162 
   96   376    34   302    23   169 
   49    11     0    16    10   914 
0.431
0.3590
46.58%

ClassificationViaRegression
  587   158    90   124    17    24 
    0   904    14    69     9     4 
  150   227   222   225    60   116 
  119   253   204   253    60   111 
  115   300   216   216    41   112 
   27    16    34     3     2   918 
0.456
0.3850
48.75%

SMO
  600   174    48    79    73    26 
    0   940     0    20    38     2 
  179   255    90   129   222   125 
  131   298    70   155   220   126 
  130   328    67   132   218   125 
   31    13     6     5    24   921 
0.460
0.3848
48.73%

