CanberraDistanceStandardDeviation
KendallTauStandardDeviation
LAbsStandardDeviation
LSquareStandardDeviation
CanberraDistanceKurtosis
LAbsMin
CanberraDistanceMin
LSquareMin
KendallTauMin
LAbsKurtosis
LMaxKurtosis
KendallTauKurtosis
LSquareMean
LAbsMean
KendallTauMean
class

Bagging
  555   150   102   101    72    20 
   12   807    38    63    78     2 
  170   210   216   174   153    77 
  114   276   188   176   158    88 
  122   291   184   165   146    92 
   22    11    31    24    19   893 
0.444
0.3586
46.55%

DecisionTable
  567   166   110    79    56    22 
    8   877    16    48    51     0 
  161   229   208   172   140    90 
  124   285   205   158   132    96 
  126   300   186   155   139    94 
   40    12    36    18    15   879 
0.447
0.3656
47.13%

IBk
  564   167   109    87    59    14 
    2   857    28    54    59     0 
  157   225   231   191   111    85 
  106   294   212   191   102    95 
  116   307   208   164   112    93 
   25    11    31    19    12   902 
0.454
0.3714
47.62%

J48
  518    99   127   123   106    27 
   87   472   127   154   155     5 
  181   140   194   212   192    81 
  155   173   232   200   156    84 
  181   172   194   200   164    89 
   29     6    54    42    52   817 
0.385
0.2730
39.42%

LogitBoost
  581   183    66   111    46    13 
    2   936    17    35    10     0 
  176   258   152   226   106    82 
  119   327   125   243    90    96 
  115   346   134   244    69    92 
   22    13    40    20    25   880 
0.449
0.3722
47.68%

NaiveBayes
  603   227    42   100     8    20 
    0   946     0    41    10     3 
  177   329    65   248    49   132 
  132   394    50   248    38   138 
  134   405    52   226    53   130 
   36    13    14    10    16   911 
0.445
0.3652
47.10%

ClassificationViaRegression
  587   189    88    77    37    22 
    0   946    12    19    21     2 
  180   269   197   153    90   111 
  136   328   189   143    86   118 
  138   347   162   129   102   122 
   22    12    25     6    11   924 
0.454
0.3798
48.32%

SMO
  579   191    80    80    56    14 
    0   939     0    32    29     0 
  153   270   149   165   161   102 
  105   339   115   175   155   111 
  114   367   116   133   162   108 
   32    13    19    10    20   906 
0.462
0.3820
48.50%

