KendallTauMean
LAbsMean
LSquareMean
CanberraDistanceMean
LevenshteinDistanceMean
LAbsMin
KendallTauMin
CanberraDistanceMin
LSquareMin
LevenshteinDistanceMin
LMaxMean
CanberraDistanceMax
LAbsMax
LevenshteinDistanceMax
CayleyDistanceMean
class

Bagging
  745   202     2    26    21     4 
  247   602     2    56    58    35 
   27    34   785    82    58    14 
  100   116    93   297   309    85 
   47   114    61   292   312   174 
    3    39    18    43    54   843 
0.589
0.5168
59.73%

DecisionTable
  778   188     0    14    12     8 
  373   475     0    44    65    43 
   43    32   788    66    48    23 
  105   128    90   243   298   136 
   52   124    63   215   332   214 
   13    44    18    28    57   840 
0.566
0.4912
57.60%

IBk
  806   147     4    19    20     4 
  344   507     0    50    58    41 
   31    40   790    72    47    20 
  111   117   101   328   237   106 
   48   127    66   308   257   194 
    4    29    19    31    49   868 
0.582
0.5112
59.27%

J48
  642   211    26    74    42     5 
  271   455    35   112    96    31 
   27    32   752   110    62    17 
   92   114   124   302   290    78 
   52   112    96   267   295   178 
    7    51    26    77   116   723 
0.524
0.4338
52.82%

LogitBoost
  785   179     3    10    17     6 
  272   608     0    34    49    37 
   28    42   797    70    43    20 
   92   151    96   247   284   130 
   41   142    65   257   283   212 
    5    37    13    40    66   839 
0.581
0.5118
59.32%

NaiveBayes
  400   575     4     1    16     4 
  186   726     0     0    58    30 
   10    69   834     8    56    23 
   40   257   143    30   322   208 
   13   233   102    23   317   312 
    2    94    49     0    25   830 
0.528
0.4274
52.28%

ClassificationViaRegression
  778   172     7    12    28     3 
  240   623     1    31    66    39 
   31    33   793    33    87    23 
  111   104   101   143   410   131 
   61   102    84   152   398   203 
    7    37    14     5    41   896 
0.591
0.5262
60.52%

SMO
  833   133     4    24     4     2 
  349   529     0    64    20    38 
   36    33   801    75    29    26 
  120   118   106   379   173   104 
   57   126    83   355   193   186 
    4    36    11    19    59   871 
0.589
0.5212
60.10%

