Bagging [[756.0, 288.0, 154.0, 852.0], [318.0, 1095.0, 249.0, 388.0], [182.0, 229.0, 1498.0, 141.0], [818.0, 326.0, 91.0, 815.0]]
Clustering [[594.0, 147.0, 602.0, 707.0], [604.0, 135.0, 570.0, 741.0], [221.0, 50.0, 1496.0, 283.0], [615.0, 148.0, 547.0, 740.0]]
DecisionTable [[933.0, 288.0, 141.0, 688.0], [293.0, 1056.0, 247.0, 454.0], [223.0, 238.0, 1454.0, 135.0], [931.0, 302.0, 79.0, 738.0]]
END [[1225.0, 359.0, 127.0, 339.0], [457.0, 1172.0, 223.0, 198.0], [250.0, 226.0, 1473.0, 101.0], [1224.0, 389.0, 74.0, 363.0]]
J48 [[785.0, 284.0, 141.0, 840.0], [290.0, 1132.0, 208.0, 420.0], [228.0, 277.0, 1413.0, 132.0], [844.0, 316.0, 80.0, 810.0]]
LogitBoost [[584.0, 478.0, 130.0, 858.0], [175.0, 1256.0, 281.0, 338.0], [195.0, 199.0, 1539.0, 117.0], [628.0, 464.0, 74.0, 884.0]]
NaiveBayes [[760.0, 337.0, 116.0, 837.0], [159.0, 1005.0, 305.0, 581.0], [238.0, 221.0, 1537.0, 54.0], [746.0, 397.0, 61.0, 846.0]]
Regression [[865.0, 303.0, 144.0, 738.0], [303.0, 1199.0, 241.0, 307.0], [215.0, 209.0, 1530.0, 96.0], [910.0, 336.0, 88.0, 716.0]]
RotationForest [[794.0, 246.0, 172.0, 838.0], [280.0, 1067.0, 271.0, 432.0], [169.0, 157.0, 1575.0, 149.0], [798.0, 273.0, 101.0, 878.0]]
SMO [[1009.0, 626.0, 185.0, 230.0], [458.0, 839.0, 531.0, 222.0], [248.0, 103.0, 1673.0, 26.0], [1009.0, 693.0, 98.0, 250.0]]
    Classifier | Test #1 | Test #2 | Test #3 | Test #4 | Test #5 | Test #6 | Test #7 | Test #8 | Test #9 | Test #10 | Correct | Kappa 
---------------+---------+---------+---------+---------+---------+---------+---------+---------+---------+----------+---------+-------
       Bagging |   48,29 |   48,78 |   50,00 |   54,27 |   52,93 |   48,90 |   51,34 |   50,73 |   51,95 |    50,61 |   50,78 | 0,344 
    Clustering |   35,85 |   36,10 |   36,59 |   36,59 |   35,98 |   35,37 |   35,37 |   37,56 |   37,68 |    34,51 |   36,16 | 0,149 
 DecisionTable |   50,85 |   53,05 |   50,49 |   50,00 |   50,24 |   54,02 |   48,90 |   49,39 |   52,32 |    50,61 |   50,99 | 0,347 
           END |   50,73 |   50,49 |   51,95 |   52,56 |   52,44 |   50,49 |   52,32 |   50,85 |   53,05 |    51,34 |   51,62 | 0,355 
           J48 |   50,37 |   50,61 |   47,80 |   51,71 |   50,49 |   52,80 |   49,02 |   51,83 |   49,76 |    50,49 |   50,49 | 0,340 
    LogitBoost |   52,80 |   51,34 |   50,37 |   52,80 |   53,17 |   53,54 |   51,46 |   50,49 |   51,46 |    52,44 |   51,99 | 0,360 
    NaiveBayes |   50,24 |   50,73 |   49,88 |   52,07 |   49,39 |   50,85 |   50,12 |   49,88 |   52,07 |    50,61 |   50,59 | 0,341 
    Regression |   52,32 |   52,56 |   50,00 |   52,07 |   52,44 |   54,27 |   52,68 |   52,07 |   53,78 |    53,41 |   52,56 | 0,367 
RotationForest |   51,10 |   52,44 |   54,15 |   50,73 |   53,17 |   53,78 |   52,20 |   54,63 |   50,98 |    52,93 |   52,61 | 0,368 
           SMO |   43,54 |   46,22 |   47,07 |   47,68 |   44,02 |   45,98 |   46,34 |   45,37 |   48,66 |    45,00 |   45,99 | 0,280 


Bagging [[853.0, 240.0, 135.0, 822.0], [268.0, 1248.0, 210.0, 324.0], [161.0, 221.0, 1498.0, 170.0], [784.0, 272.0, 89.0, 905.0]]
Clustering [[2050.0, 0.0, 0.0, 0.0], [1634.0, 0.0, 416.0, 0.0], [963.0, 0.0, 1087.0, 0.0], [2050.0, 0.0, 0.0, 0.0]]
DecisionTable [[947.0, 186.0, 126.0, 791.0], [316.0, 1138.0, 190.0, 406.0], [245.0, 205.0, 1431.0, 169.0], [923.0, 257.0, 90.0, 780.0]]
END [[869.0, 231.0, 130.0, 820.0], [274.0, 1227.0, 223.0, 326.0], [172.0, 198.0, 1523.0, 157.0], [876.0, 280.0, 77.0, 817.0]]
J48 [[775.0, 310.0, 189.0, 776.0], [317.0, 1034.0, 303.0, 396.0], [199.0, 206.0, 1480.0, 165.0], [766.0, 343.0, 173.0, 768.0]]
LogitBoost [[992.0, 182.0, 116.0, 760.0], [259.0, 1165.0, 225.0, 401.0], [232.0, 214.0, 1443.0, 161.0], [1058.0, 210.0, 65.0, 717.0]]
NaiveBayes [[407.0, 153.0, 9.0, 1481.0], [155.0, 589.0, 165.0, 1141.0], [246.0, 488.0, 1158.0, 158.0], [455.0, 97.0, 0.0, 1498.0]]
Regression [[825.0, 286.0, 181.0, 758.0], [230.0, 1359.0, 202.0, 259.0], [143.0, 197.0, 1575.0, 135.0], [898.0, 344.0, 114.0, 694.0]]
RotationForest [[833.0, 251.0, 158.0, 808.0], [263.0, 1250.0, 230.0, 307.0], [186.0, 187.0, 1507.0, 170.0], [821.0, 290.0, 100.0, 839.0]]
SMO [[368.0, 243.0, 77.0, 1362.0], [47.0, 1160.0, 198.0, 645.0], [206.0, 220.0, 1452.0, 172.0], [349.0, 265.0, 52.0, 1384.0]]
    Classifier | Test #1 | Test #2 | Test #3 | Test #4 | Test #5 | Test #6 | Test #7 | Test #8 | Test #9 | Test #10 | Correct | Kappa 
---------------+---------+---------+---------+---------+---------+---------+---------+---------+---------+----------+---------+-------
       Bagging |   56,22 |   53,66 |   54,51 |   53,41 |   54,15 |   53,41 |   57,80 |   54,76 |   56,34 |    55,00 |   54,93 | 0,399 
    Clustering |   38,41 |   37,32 |   38,29 |   37,32 |   36,83 |   39,15 |   39,02 |   37,93 |   38,78 |    39,51 |   38,26 | 0,177 
 DecisionTable |   52,20 |   53,78 |   52,93 |   53,41 |   51,83 |   53,41 |   52,56 |   52,20 |   50,37 |    51,22 |   52,39 | 0,365 
           END |   52,44 |   54,27 |   53,05 |   55,12 |   57,07 |   53,17 |   52,44 |   52,93 |   56,71 |    53,78 |   54,10 | 0,388 
           J48 |   48,66 |   49,63 |   50,12 |   49,63 |   46,46 |   51,22 |   48,78 |   50,37 |   50,00 |    49,88 |   49,48 | 0,326 
    LogitBoost |   52,80 |   53,90 |   55,00 |   51,71 |   51,71 |   51,95 |   52,80 |   52,07 |   51,22 |    53,29 |   52,65 | 0,369 
    NaiveBayes |   45,24 |   44,39 |   46,71 |   42,20 |   43,29 |   43,05 |   46,46 |   42,20 |   45,24 |    46,59 |   44,54 | 0,260 
    Regression |   54,63 |   55,12 |   54,15 |   52,32 |   56,95 |   53,54 |   53,17 |   52,80 |   55,73 |    54,63 |   54,30 | 0,391 
RotationForest |   52,44 |   56,34 |   55,24 |   56,10 |   52,20 |   55,24 |   51,83 |   51,95 |   55,37 |    53,41 |   54,01 | 0,387 
           SMO |   53,78 |   56,10 |   51,34 |   53,54 |   51,71 |   52,32 |   51,59 |   53,41 |   53,78 |    54,63 |   53,22 | 0,376 


    Classifier | Correct #0 | Correct #1 
---------------+------------+------------
       Bagging |      50,78 |      54,93 
    Clustering |      36,16 |      38,26 
 DecisionTable |      50,99 |      52,39 
           END |      51,62 |      54,10 
           J48 |      50,49 |      49,48 
    LogitBoost |      51,99 |      52,65 
    NaiveBayes |      50,59 |      44,54 
    Regression |      52,56 |      54,30 
RotationForest |      52,61 |      54,01 
           SMO |      45,99 |      53,22 
