Bagging [[591.0, 425.0, 503.0, 531.0], [324.0, 1195.0, 259.0, 272.0], [490.0, 327.0, 734.0, 499.0], [588.0, 325.0, 544.0, 593.0]]
Clustering [[144.0, 604.0, 1302.0, 0.0], [57.0, 1306.0, 687.0, 0.0], [158.0, 466.0, 1426.0, 0.0], [158.0, 548.0, 1344.0, 0.0]]
DecisionTable [[679.0, 551.0, 540.0, 280.0], [299.0, 1431.0, 182.0, 138.0], [453.0, 435.0, 858.0, 304.0], [656.0, 517.0, 585.0, 292.0]]
END [[557.0, 650.0, 470.0, 373.0], [171.0, 1558.0, 181.0, 140.0], [383.0, 545.0, 765.0, 357.0], [506.0, 612.0, 513.0, 419.0]]
J48 [[767.0, 541.0, 506.0, 236.0], [313.0, 1330.0, 290.0, 117.0], [591.0, 345.0, 856.0, 258.0], [732.0, 450.0, 588.0, 280.0]]
LogitBoost [[616.0, 539.0, 439.0, 456.0], [254.0, 1461.0, 201.0, 134.0], [494.0, 409.0, 755.0, 392.0], [619.0, 498.0, 517.0, 416.0]]
NaiveBayes [[701.0, 529.0, 644.0, 176.0], [356.0, 1388.0, 240.0, 66.0], [450.0, 340.0, 1116.0, 144.0], [653.0, 466.0, 764.0, 167.0]]
Regression [[830.0, 543.0, 513.0, 164.0], [278.0, 1471.0, 198.0, 103.0], [549.0, 413.0, 944.0, 144.0], [728.0, 531.0, 623.0, 168.0]]
RotationForest [[727.0, 429.0, 598.0, 296.0], [357.0, 1287.0, 280.0, 126.0], [439.0, 333.0, 951.0, 327.0], [649.0, 422.0, 671.0, 308.0]]
SMO [[334.0, 572.0, 867.0, 277.0], [281.0, 1320.0, 267.0, 182.0], [284.0, 301.0, 1220.0, 245.0], [333.0, 499.0, 932.0, 286.0]]
    Classifier | Test #1 | Test #2 | Test #3 | Test #4 | Test #5 | Test #6 | Test #7 | Test #8 | Test #9 | Test #10 | Correct | Kappa 
---------------+---------+---------+---------+---------+---------+---------+---------+---------+---------+----------+---------+-------
       Bagging |   37,56 |   35,98 |   39,02 |   41,22 |   38,17 |   35,85 |   36,83 |   38,90 |   37,93 |    38,17 |   37,96 | 0,173 
    Clustering |   36,22 |   35,61 |   35,24 |   34,76 |   35,61 |   32,93 |   34,15 |   33,41 |   37,20 |    35,61 |   35,07 | 0,134 
 DecisionTable |   38,05 |   36,34 |   39,51 |   41,83 |   39,27 |   39,63 |   38,78 |   42,93 |   41,46 |    39,76 |   39,76 | 0,197 
           END |   42,32 |   38,66 |   40,24 |   42,68 |   38,41 |   39,63 |   40,85 |   39,39 |   39,15 |    40,98 |   40,23 | 0,203 
           J48 |   39,27 |   38,78 |   39,39 |   39,63 |   39,76 |   40,85 |   40,73 |   39,02 |   40,49 |    36,34 |   39,43 | 0,192 
    LogitBoost |   39,63 |   37,44 |   41,34 |   38,54 |   40,00 |   38,17 |   40,61 |   41,59 |   39,27 |    39,51 |   39,61 | 0,195 
    NaiveBayes |   44,51 |   39,51 |   39,63 |   42,20 |   40,61 |   40,12 |   41,59 |   40,12 |   41,46 |    41,46 |   41,12 | 0,215 
    Regression |   43,05 |   41,22 |   41,71 |   42,80 |   40,73 |   42,07 |   42,44 |   39,39 |   41,95 |    40,85 |   41,62 | 0,222 
RotationForest |   38,41 |   42,07 |   40,61 |   39,27 |   40,73 |   41,71 |   40,12 |   40,73 |   37,07 |    38,41 |   39,91 | 0,199 
           SMO |   38,78 |   37,32 |   37,93 |   40,12 |   36,34 |   38,90 |   36,71 |   40,00 |   39,27 |    40,00 |   38,54 | 0,180 


Bagging [[650.0, 325.0, 552.0, 523.0], [253.0, 1297.0, 259.0, 241.0], [452.0, 262.0, 786.0, 550.0], [578.0, 303.0, 549.0, 620.0]]
Clustering [[0.0, 1349.0, 701.0, 0.0], [0.0, 1868.0, 182.0, 0.0], [0.0, 1019.0, 1031.0, 0.0], [0.0, 1284.0, 766.0, 0.0]]
DecisionTable [[638.0, 451.0, 480.0, 481.0], [232.0, 1389.0, 206.0, 223.0], [458.0, 367.0, 809.0, 416.0], [583.0, 416.0, 585.0, 466.0]]
END [[526.0, 330.0, 530.0, 664.0], [250.0, 1301.0, 212.0, 287.0], [340.0, 259.0, 895.0, 556.0], [464.0, 324.0, 599.0, 663.0]]
J48 [[650.0, 299.0, 561.0, 540.0], [336.0, 1077.0, 329.0, 308.0], [507.0, 300.0, 757.0, 486.0], [620.0, 305.0, 565.0, 560.0]]
LogitBoost [[658.0, 402.0, 475.0, 515.0], [225.0, 1362.0, 234.0, 229.0], [420.0, 292.0, 868.0, 470.0], [554.0, 362.0, 609.0, 525.0]]
NaiveBayes [[166.0, 956.0, 327.0, 601.0], [28.0, 1735.0, 148.0, 139.0], [113.0, 684.0, 673.0, 580.0], [144.0, 914.0, 371.0, 621.0]]
Regression [[661.0, 540.0, 404.0, 445.0], [196.0, 1508.0, 193.0, 153.0], [496.0, 387.0, 793.0, 374.0], [590.0, 502.0, 474.0, 484.0]]
RotationForest [[625.0, 356.0, 506.0, 563.0], [277.0, 1281.0, 225.0, 267.0], [468.0, 285.0, 757.0, 540.0], [591.0, 286.0, 552.0, 621.0]]
SMO [[761.0, 546.0, 330.0, 413.0], [203.0, 1555.0, 179.0, 113.0], [529.0, 395.0, 685.0, 441.0], [685.0, 529.0, 416.0, 420.0]]
    Classifier | Test #1 | Test #2 | Test #3 | Test #4 | Test #5 | Test #6 | Test #7 | Test #8 | Test #9 | Test #10 | Correct | Kappa 
---------------+---------+---------+---------+---------+---------+---------+---------+---------+---------+----------+---------+-------
       Bagging |   40,73 |   39,39 |   42,07 |   41,46 |   41,46 |   39,76 |   39,63 |   42,56 |   40,37 |    41,46 |   40,89 | 0,212 
    Clustering |   36,46 |   35,61 |   37,07 |   33,41 |   35,73 |   33,78 |   34,39 |   34,88 |   36,59 |    35,61 |   35,35 | 0,138 
 DecisionTable |   40,98 |   37,93 |   40,00 |   43,17 |   39,63 |   40,49 |   42,07 |   39,39 |   38,41 |    40,61 |   40,27 | 0,204 
           END |   42,20 |   43,54 |   40,00 |   38,05 |   38,66 |   44,51 |   43,29 |   41,95 |   38,90 |    41,71 |   41,28 | 0,217 
           J48 |   40,73 |   37,68 |   35,61 |   35,73 |   37,44 |   34,88 |   35,12 |   39,63 |   37,20 |    37,20 |   37,12 | 0,162 
    LogitBoost |   40,37 |   39,63 |   42,07 |   43,54 |   41,22 |   41,10 |   44,88 |   39,51 |   41,46 |    42,44 |   41,62 | 0,222 
    NaiveBayes |   40,24 |   39,27 |   37,32 |   37,80 |   40,00 |   39,63 |   39,27 |   39,15 |   38,41 |    38,54 |   38,96 | 0,186 
    Regression |   44,51 |   41,46 |   41,46 |   42,56 |   40,73 |   42,44 |   42,68 |   41,46 |   40,24 |    42,68 |   42,02 | 0,227 
RotationForest |   41,10 |   38,05 |   38,54 |   40,37 |   40,98 |   39,39 |   41,34 |   39,88 |   40,37 |    40,49 |   40,05 | 0,201 
           SMO |   42,32 |   42,32 |   40,12 |   39,39 |   43,05 |   40,85 |   42,44 |   41,71 |   44,39 |    40,61 |   41,72 | 0,223 


    Classifier | Correct #0 | Correct #1 
---------------+------------+------------
       Bagging |      37,96 |      40,89 
    Clustering |      35,07 |      35,35 
 DecisionTable |      39,76 |      40,27 
           END |      40,23 |      41,28 
           J48 |      39,43 |      37,12 
    LogitBoost |      39,61 |      41,62 
    NaiveBayes |      41,12 |      38,96 
    Regression |      41,62 |      42,02 
RotationForest |      39,91 |      40,05 
           SMO |      38,54 |      41,72 
