Bagging [[774.0, 387.0, 104.0, 785.0], [517.0, 774.0, 257.0, 502.0], [137.0, 260.0, 1525.0, 128.0], [794.0, 360.0, 88.0, 808.0]]
Clustering [[181.0, 0.0, 345.0, 1524.0], [154.0, 0.0, 610.0, 1286.0], [48.0, 0.0, 1540.0, 462.0], [180.0, 0.0, 308.0, 1562.0]]
DecisionTable [[689.0, 297.0, 116.0, 948.0], [423.0, 784.0, 228.0, 615.0], [151.0, 285.0, 1503.0, 111.0], [701.0, 253.0, 105.0, 991.0]]
END [[1184.0, 197.0, 93.0, 576.0], [761.0, 644.0, 257.0, 388.0], [194.0, 250.0, 1526.0, 80.0], [1175.0, 195.0, 114.0, 566.0]]
J48 [[788.0, 205.0, 90.0, 967.0], [532.0, 634.0, 229.0, 655.0], [177.0, 261.0, 1478.0, 134.0], [759.0, 176.0, 93.0, 1022.0]]
LogitBoost [[705.0, 293.0, 135.0, 917.0], [411.0, 793.0, 284.0, 562.0], [124.0, 215.0, 1598.0, 113.0], [765.0, 258.0, 113.0, 914.0]]
NaiveBayes [[532.0, 334.0, 77.0, 1107.0], [325.0, 654.0, 383.0, 688.0], [123.0, 231.0, 1595.0, 101.0], [551.0, 297.0, 93.0, 1109.0]]
Regression [[614.0, 252.0, 79.0, 1105.0], [331.0, 713.0, 240.0, 766.0], [160.0, 241.0, 1514.0, 135.0], [589.0, 208.0, 95.0, 1158.0]]
RotationForest [[865.0, 217.0, 71.0, 897.0], [531.0, 646.0, 202.0, 671.0], [207.0, 250.0, 1467.0, 126.0], [819.0, 180.0, 66.0, 985.0]]
SMO [[629.0, 515.0, 96.0, 810.0], [413.0, 478.0, 488.0, 671.0], [105.0, 245.0, 1637.0, 63.0], [667.0, 471.0, 94.0, 818.0]]
    Classifier | Test #1 | Test #2 | Test #3 | Test #4 | Test #5 | Test #6 | Test #7 | Test #8 | Test #9 | Test #10 | Correct | Kappa 
---------------+---------+---------+---------+---------+---------+---------+---------+---------+---------+----------+---------+-------
       Bagging |   48,29 |   45,61 |   48,78 |   46,95 |   48,17 |   48,54 |   46,95 |   48,90 |   44,76 |    46,34 |   47,33 | 0,298 
    Clustering |   40,24 |   40,00 |   39,51 |   40,00 |   40,12 |   40,61 |   41,22 |   40,49 |   40,49 |    37,68 |   40,04 | 0,200 
 DecisionTable |   48,17 |   48,78 |   47,68 |   48,41 |   52,44 |   46,59 |   48,54 |   50,00 |   47,07 |    46,10 |   48,38 | 0,312 
           END |   49,39 |   47,56 |   48,17 |   47,20 |   48,05 |   48,05 |   45,61 |   50,49 |   47,07 |    46,46 |   47,80 | 0,304 
           J48 |   46,71 |   46,59 |   50,73 |   48,78 |   47,56 |   46,59 |   46,95 |   47,44 |   49,51 |    47,44 |   47,83 | 0,304 
    LogitBoost |   47,80 |   51,83 |   48,78 |   50,73 |   46,83 |   50,49 |   48,17 |   47,80 |   50,37 |    46,22 |   48,90 | 0,319 
    NaiveBayes |   48,17 |   48,17 |   47,80 |   48,05 |   45,85 |   48,05 |   47,32 |   45,12 |   48,17 |    47,68 |   47,44 | 0,299 
    Regression |   49,15 |   47,32 |   52,07 |   46,71 |   48,66 |   50,00 |   48,05 |   47,07 |   48,17 |    50,49 |   48,77 | 0,317 
RotationForest |   49,88 |   47,93 |   48,54 |   48,17 |   48,90 |   46,83 |   46,83 |   48,05 |   48,66 |    49,51 |   48,33 | 0,311 
           SMO |   43,90 |   42,80 |   42,80 |   42,20 |   45,00 |   45,37 |   44,02 |   42,80 |   44,15 |    41,34 |   43,44 | 0,246 


Bagging [[813.0, 346.0, 57.0, 834.0], [416.0, 976.0, 235.0, 423.0], [159.0, 217.0, 1571.0, 103.0], [802.0, 363.0, 44.0, 841.0]]
Clustering [[2050.0, 0.0, 0.0, 0.0], [1678.0, 0.0, 372.0, 0.0], [879.0, 0.0, 1171.0, 0.0], [2050.0, 0.0, 0.0, 0.0]]
DecisionTable [[620.0, 334.0, 57.0, 1039.0], [342.0, 853.0, 233.0, 622.0], [153.0, 219.0, 1540.0, 138.0], [565.0, 299.0, 55.0, 1131.0]]
END [[475.0, 351.0, 59.0, 1165.0], [258.0, 968.0, 272.0, 552.0], [98.0, 212.0, 1576.0, 164.0], [494.0, 324.0, 42.0, 1190.0]]
J48 [[711.0, 413.0, 148.0, 778.0], [412.0, 875.0, 304.0, 459.0], [165.0, 256.0, 1527.0, 102.0], [734.0, 440.0, 117.0, 759.0]]
LogitBoost [[799.0, 288.0, 59.0, 904.0], [412.0, 949.0, 238.0, 451.0], [143.0, 197.0, 1588.0, 122.0], [860.0, 288.0, 53.0, 849.0]]
NaiveBayes [[474.0, 106.0, 5.0, 1465.0], [364.0, 521.0, 140.0, 1025.0], [152.0, 677.0, 1099.0, 122.0], [467.0, 87.0, 0.0, 1496.0]]
Regression [[779.0, 379.0, 86.0, 806.0], [271.0, 1151.0, 248.0, 380.0], [101.0, 228.0, 1592.0, 129.0], [818.0, 369.0, 90.0, 773.0]]
RotationForest [[810.0, 350.0, 72.0, 818.0], [376.0, 999.0, 230.0, 445.0], [147.0, 198.0, 1586.0, 119.0], [791.0, 390.0, 61.0, 808.0]]
SMO [[1012.0, 62.0, 50.0, 926.0], [533.0, 587.0, 183.0, 747.0], [261.0, 226.0, 1481.0, 82.0], [1033.0, 49.0, 19.0, 949.0]]
    Classifier | Test #1 | Test #2 | Test #3 | Test #4 | Test #5 | Test #6 | Test #7 | Test #8 | Test #9 | Test #10 | Correct | Kappa 
---------------+---------+---------+---------+---------+---------+---------+---------+---------+---------+----------+---------+-------
       Bagging |   50,37 |   50,98 |   51,46 |   52,93 |   53,05 |   52,80 |   49,15 |   51,10 |   48,90 |    51,59 |   51,23 | 0,350 
    Clustering |   38,54 |   40,00 |   39,02 |   39,15 |   39,27 |   39,51 |   40,00 |   39,39 |   38,29 |    39,63 |   39,28 | 0,190 
 DecisionTable |   52,20 |   51,46 |   50,73 |   50,61 |   48,29 |   51,71 |   47,44 |   49,88 |   52,32 |    50,73 |   50,54 | 0,340 
           END |   51,71 |   51,34 |   52,32 |   51,22 |   52,93 |   52,07 |   49,63 |   50,12 |   50,12 |    51,83 |   51,33 | 0,351 
           J48 |   46,22 |   47,56 |   48,41 |   45,98 |   45,00 |   48,90 |   47,44 |   46,59 |   47,20 |    48,90 |   47,22 | 0,296 
    LogitBoost |   50,00 |   52,44 |   51,95 |   51,59 |   53,17 |   51,10 |   50,12 |   48,17 |   48,54 |    53,29 |   51,04 | 0,347 
    NaiveBayes |   41,71 |   46,95 |   45,12 |   41,59 |   44,76 |   45,85 |   42,32 |   42,07 |   42,93 |    44,51 |   43,78 | 0,250 
    Regression |   52,20 |   55,61 |   49,88 |   50,85 |   54,88 |   54,88 |   52,44 |   48,29 |   50,12 |    54,63 |   52,38 | 0,365 
RotationForest |   52,80 |   50,00 |   50,49 |   52,56 |   50,73 |   53,05 |   51,46 |   51,71 |   49,39 |    50,37 |   51,26 | 0,350 
           SMO |   49,39 |   48,54 |   49,76 |   47,80 |   49,27 |   51,10 |   49,76 |   44,88 |   51,22 |    49,63 |   49,13 | 0,322 


    Classifier | Correct #0 | Correct #1 
---------------+------------+------------
       Bagging |      47,33 |      51,23 
    Clustering |      40,04 |      39,28 
 DecisionTable |      48,38 |      50,54 
           END |      47,80 |      51,33 
           J48 |      47,83 |      47,22 
    LogitBoost |      48,90 |      51,04 
    NaiveBayes |      47,44 |      43,78 
    Regression |      48,77 |      52,38 
RotationForest |      48,33 |      51,26 
           SMO |      43,44 |      49,13 
