LAbsMean
LevenshteinDistanceMean
KendallTauMean
CanberraDistanceMean
CayleyDistanceMean
LSquareMean
LevenshteinDistanceKurtosis
CanberraDistanceMin
LAbsMin
LevenshteinDistanceStandardDeviation
class

Bagging
  935    55     1     7     2     0 
   79   811     4    51    35    20 
  140    47   615    94    94    10 
  129   133    67   216   377    78 
   17    96    57   264   445   121 
    1    22     7    28    54   888 
0.642
0.5820
65.17%

DecisionTable
  931    65     1     3     0     0 
   80   819     0    49    31    21 
  142    63   616    47   111    21 
  141   159    59   117   435    89 
   21   119    45   129   538   148 
    7    18     5    20    70   880 
0.637
0.5802
65.02%

IBk
  946    53     0     1     0     0 
  104   807     1    41    29    18 
  139    58   621    75    95    12 
  139   151    66   206   347    91 
   21   112    55   266   423   123 
    1    17     6    27    44   905 
0.640
0.5816
65.13%

J48
  836    72    42    41     9     0 
   84   749    34    79    36    18 
  112    61   629    66   121    11 
  118   135    98   145   429    75 
   21   111    78   149   529   112 
    1    23    15    40    76   845 
0.609
0.5466
62.22%

LogitBoost
  925    73     0     0     2     0 
   83   848     0    25    23    21 
  140    59   615    52   117    17 
  130   159    62   114   428   107 
   18   118    45   126   549   144 
    1    28     4    17    57   893 
0.644
0.5888
65.73%

NaiveBayes
  971    28     0     1     0     0 
  187   732     0    60     9    12 
  149    63   645    55    78    10 
  156   149   100   154   334   107 
   24   123   120   155   426   152 
    1     9    16    17    76   881 
0.618
0.5618
63.48%

ClassificationViaRegression
  945    52     0     2     1     0 
   82   841     0    25    30    22 
  140    56   619    27   142    16 
  140   135    65    86   474   100 
   17   105    48    99   595   136 
    1    18     5     6    45   925 
0.653
0.6022
66.85%

SMO
  969    31     0     0     0     0 
  166   759     0    31    22    22 
  147    60   596    40   145    12 
  151   143    50   126   433    97 
   24   122    40   114   564   136 
    1    17     2     0    56   924 
0.648
0.5876
65.63%

