KendallTauMean
LAbsMean
CanberraDistanceMean
LSquareMean
LAbsMin
LevenshteinDistanceMean
KendallTauMin
CanberraDistanceMin
LSquareMin
LevenshteinDistanceMin
class

Bagging
  895    99     2     4     0     0 
  133   756     2    57    25    27 
  127    68   617    77   100    11 
  128   143    72   219   364    74 
   17    96    62   252   456   117 
    1    23     5    29    42   900 
0.632
0.5686
64.05%

DecisionTable
  908    90     0     2     0     0 
  152   741     3    57    18    29 
  140    65   617    45   117    16 
  135   139    62   125   432   107 
   26   100    58   125   538   153 
   11    23     5     8    93   860 
0.621
0.5578
63.15%

IBk
  912    87     0     1     0     0 
  142   752     2    56    16    32 
  136    67   621    71    94    11 
  129   160    62   233   334    82 
   21   110    54   211   465   139 
    1    23     7    24    36   909 
0.641
0.5784
64.87%

J48
  786   114    45    51     4     0 
  118   673    46    88    42    33 
  111    57   617    79   122    14 
  123   128    93   208   389    59 
   19    80    96   225   463   117 
    1    39    12    42    93   813 
0.586
0.5120
59.33%

LogitBoost
  897   102     1     0     0     0 
  122   828     0    30     3    17 
  127    81   609    80    83    20 
  128   191    47   189   326   119 
   19   136    45   186   449   165 
    1    40     2    36    25   896 
0.636
0.5736
64.47%

NaiveBayes
  940    59     0     1     0     0 
  195   721     0    50    21    13 
  147    66   641    32    85    29 
  146   152    97    92   327   186 
   24   118   115    87   380   276 
    1    17    49    18    49   866 
0.586
0.5280
60.67%

ClassificationViaRegression
  902    97     0     1     0     0 
  124   791     1    41    14    29 
  131    67   624    58   102    18 
  130   160    72   163   387    88 
   20   110    54   152   517   147 
    1    23     5     7    38   926 
0.643
0.5846
65.38%

SMO
  937    62     0     1     0     0 
  171   742     0    33    20    34 
  142    58   578    40   166    16 
  141   140    65    85   466   103 
   22   109    62    80   572   155 
    1    24     1     0    45   929 
0.628
0.5686
64.05%

