CanberraDistanceSkewness
LevenshteinDistanceSkewness
LevenshteinDistanceStandardDeviation
KendallTauKurtosis
LAbsKurtosis
LAbsStandardDeviation
KendallTauStandardDeviation
CanberraDistanceStandardDeviation
CanberraDistanceKurtosis
KendallTauMin
class

Bagging
  555   161   108    83    79    14 
   14   799    45    73    69     0 
  163   225   213   184   131    84 
  120   278   189   152   162    99 
  121   301   152   176   150   100 
   20    11    25    23    30   891 
0.438
0.3520
46.00%

DecisionTable
  577   189   106    70    39    19 
    8   854    61    45    32     0 
  187   284   190   155    77   107 
  127   345   215   132    79   102 
  137   353   169   158    83   100 
   40    10    41    18    17   874 
0.425
0.3420
45.17%

IBk
  572   179   109    70    57    13 
    6   838    48    51    54     3 
  165   243   236   156   119    81 
  112   303   199   168   119    99 
  119   329   196   164    97    95 
   23    13    35    21    13   895 
0.444
0.3612
46.77%

J48
  506   110   140   124    98    22 
   75   489   132   139   162     3 
  187   142   226   213   143    89 
  164   181   231   167   172    85 
  150   193   217   182   176    82 
   24    12    40    46    41   837 
0.390
0.2802
40.02%

LogitBoost
  561   192    79    88    62    18 
    5   877    14    69    34     1 
  164   271   143   176   155    91 
  123   343   127   182   129    96 
  114   342   156   169   124    95 
   24    11    38     8    31   888 
0.438
0.3550
46.25%

NaiveBayes
  574   295    85    19    15    12 
    0   949     2    28    17     4 
  156   480   127    50    67   120 
  119   539    92    61    65   124 
  124   512    99    65    73   127 
   20    12    32     3    18   915 
0.430
0.3398
44.98%

ClassificationViaRegression
  612   200   107    39    19    23 
    0   929    29    24    15     3 
  208   293   243    81    60   115 
  163   356   224    74    70   113 
  148   382   234    66    51   119 
   24    13    30     6    11   916 
0.435
0.3650
47.08%

SMO
  570   211    85    64    48    22 
    0   932     2    21    42     3 
  148   299   171   139   137   106 
  112   367   126   137   146   112 
  107   382   135   112   152   112 
   19    12    21     1    26   921 
0.458
0.3766
48.05%

