LSquareStandardDeviation
KendallTauStandardDeviation
CanberraDistanceStandardDeviation
LAbsStandardDeviation
KendallTauMean
CanberraDistanceMin
LMaxStandardDeviation
LSquareMin
CanberraDistanceKurtosis
LMaxMin
class

Bagging
  549   148   105    80    94    24 
   16   800    41    67    74     2 
  161   193   208   194   152    92 
  120   238   211   186   149    96 
  119   265   175   190   156    95 
   18     9    24    29    23   897 
0.444
0.3592
46.60%

DecisionTable
  561   158    91   102    62    26 
    5   876    10    54    53     2 
  151   223   176   197   140   113 
  116   284   171   195   133   101 
  117   297   147   184   153   102 
   34    14    44    14    22   872 
0.449
0.3666
47.22%

IBk
  559   162   102    77    78    22 
    7   872    35    36    49     1 
  152   230   192   198   138    90 
  124   262   189   190   141    94 
  130   300   186   166   123    95 
   26     9    25    25    27   888 
0.446
0.3648
47.07%

J48
  506    81   120   137   134    22 
   80   523   114   144   135     4 
  181   118   224   198   189    90 
  164   166   207   176   206    81 
  138   191   189   203   197    82 
   37     8    47    42    38   828 
0.400
0.2908
40.90%

LogitBoost
  541   172   115   102    55    15 
    0   912     7    51    27     3 
  135   258   200   180   137    90 
   95   323   194   164   118   106 
  100   346   169   158   121   106 
   36    12    27    14    27   884 
0.447
0.3644
47.03%

NaiveBayes
  612   225    47    66    21    29 
    0   920     0    54    22     4 
  202   333    68   182    55   160 
  165   390    52   185    54   154 
  158   389    54   185    55   159 
   40    10     7     6    14   923 
0.427
0.3526
46.05%

ClassificationViaRegression
  568   167   119    97    25    24 
    0   918    13    52    14     3 
  152   232   267   179    54   116 
  115   297   265   164    45   114 
  118   330   248   146    40   118 
   23    13    37    10     6   911 
0.446
0.3736
47.80%

SMO
  593   181    39    54   109    24 
    0   944     0    15    38     3 
  165   264    63   135   243   130 
  121   318    62   128   246   125 
  120   348    60   112   239   121 
   29    13     9     7    23   919 
0.451
0.3772
48.10%

