LevenshteinDistanceMean
CayleyDistanceMean
CanberraDistanceMean
LAbsMean
KendallTauMean
LSquareMean
CayleyDistanceMin
CanberraDistanceMin
CayleyDistanceStandardDeviation
LevenshteinDistanceMax
class

Bagging
  794   180     4    11    11     0 
  231   592     0    77    72    28 
   38    33   781    73    50    25 
   79   172    89   299   264    97 
   31   152    64   277   292   184 
    3    26    16    61    79   815 
0.587
0.5146
59.55%

DecisionTable
  829   155     1     4    10     1 
  286   551     0    36    82    45 
   45    31   784    75    42    23 
   98   178    89   263   267   105 
   32   167    59   261   281   200 
   14    31    23    25    89   818 
0.577
0.5052
58.77%

IBk
  814   164     4     4    14     0 
  268   585     0    54    62    31 
   36    41   790    75    35    23 
   88   191    95   299   242    85 
   33   167    57   285   283   175 
    3    33    16    34    83   831 
0.591
0.5204
60.03%

J48
  755   154    14    46    28     3 
  273   449    19   110   122    27 
   34    28   779    71    67    21 
   98   135   108   282   274   103 
   44   135    82   252   324   163 
    8    28    28    83   104   749 
0.549
0.4676
55.63%

LogitBoost
  855   129     4     1    11     0 
  324   556     0    19    81    20 
   42    31   800    48    52    27 
  102   194    92   247   259   106 
   40   195    61   235   289   180 
    4    28    15    19   133   801 
0.581
0.5096
59.13%

NaiveBayes
  810   178     4     0     8     0 
  297   610     0     0    58    35 
   33    50   839     6    56    16 
   81   244   143    44   314   174 
   34   230    98    41   312   285 
    3    56    38     1    50   852 
0.566
0.4934
57.78%

ClassificationViaRegression
  814   164     2     7    12     1 
  220   632     1    33    79    35 
   41    29   805    46    50    29 
   97   161   100   190   337   115 
   28   161    70   171   364   206 
    3    29    20    11    51   886 
0.602
0.5382
61.52%

SMO
  880   105     4    11     0     0 
  381   489     0    72    34    24 
   41    34   806    67    27    25 
  108   180   109   349   149   105 
   42   185    80   336   159   198 
    3    31    12    20    79   855 
0.574
0.5076
58.97%

