LSquareMean
LAbsMean
CanberraDistanceMean
CanberraDistanceMin
KendallTauMean
LevenshteinDistanceMean
LAbsMin
KendallTauMin
LSquareMin
CanberraDistanceMax
class

Bagging
  743   210     3    22    18     4 
  250   587     4    53    67    39 
   27    40   790    76    48    19 
  106   101    87   337   278    91 
   40   124    61   287   317   171 
    3    33    19    40    59   846 
0.596
0.5240
60.33%

DecisionTable
  800   167     0    16     9     8 
  372   454     0    60    63    51 
   44    41   792    62    40    21 
  104   129    95   261   275   136 
   48   146    66   234   295   211 
    8    46    21    28    47   850 
0.564
0.4904
57.53%

IBk
  808   148     4    16    18     6 
  332   524     0    48    54    42 
   33    38   796    77    36    20 
  111   116    98   331   245    99 
   45   129    64   290   287   185 
    5    32    16    49    44   854 
0.590
0.5200
60.00%

J48
  671   214    14    61    36     4 
  259   477    28    91   105    40 
   30    42   761    84    67    16 
   96   103   127   296   301    77 
   52   111    84   289   304   160 
    8    42    22    70   122   736 
0.536
0.4490
54.08%

LogitBoost
  792   172     2    15    11     8 
  329   551     0    44    42    34 
   30    38   800    58    51    23 
   96   139   104   229   302   130 
   44   138    67   247   291   213 
    4    35    13    51    63   834 
0.570
0.4994
58.28%

NaiveBayes
  670   307     4     0    16     3 
  319   577     0     0    80    24 
   28    52   842     1    55    22 
   71   213   171     7   344   194 
   28   207   122     6   332   305 
    2    64    68     0    77   789 
0.531
0.4434
53.62%

ClassificationViaRegression
  773   173     5    19    25     5 
  246   595     0    61    61    37 
   29    32   790    61    63    25 
  112   102   100   253   319   114 
   57    96    64   236   347   200 
    4    34    15    22    34   891 
0.597
0.5298
60.82%

SMO
  831   137     4    23     2     3 
  365   508     0    71    17    39 
   33    37   811    64    24    31 
  116   123   139   371   147   104 
   56   126   100   355   183   180 
    5    33    15    21    58   868 
0.582
0.5144
59.53%

