Bagging
  928    62     3     7     0     0 
   86   815     0    54    27    18 
  133    54   615    82   105    11 
  133   143    63   229   338    94 
   18    96    49   265   443   129 
    1    16     3    25    58   897 
0.646
0.5854
65.45%

DecisionTable
  923    68     2     7     0     0 
   76   819     2    58    22    23 
  146    63   616    50   107    18 
  136   183    63   139   385    94 
   19   136    46   165   495   139 
    4    21     5    36    58   876 
0.631
0.5736
64.47%

IBk
  954    45     0     1     0     0 
  136   777     2    43    21    21 
  145    55   617    80    90    13 
  145   159    63   203   336    94 
   19   110    50   237   457   127 
    1    17     7    23    41   911 
0.643
0.5838
65.32%

J48
  720    90    81   101     8     0 
   75   681    49   100    73    22 
  103    48   601   117   115    16 
   97   119   110   207   389    78 
   17    81   105   204   482   111 
    1    27    10    61    90   811 
0.579
0.5004
58.37%

LogitBoost
  925    74     0     1     0     0 
   86   835     0    31    28    20 
  135    65   612    56   116    16 
  132   154    60   133   420   101 
   16   109    45   146   541   143 
    1    23     5    12    50   909 
0.647
0.5910
65.92%

NaiveBayes
  977    22     0     1     0     0 
  215   701     0    30    33    21 
  153    61   632    79    61    14 
  159   165   106   200   257   113 
   25   135   116   221   354   149 
    1     8     5     5    60   921 
0.616
0.5570
63.08%

ClassificationViaRegression
  917    64    13     5     1     0 
   76   829    13    31    33    18 
  135    56   626    48   117    18 
  132   148    90   131   402    97 
   19   106    74   166   495   140 
    1    17     3    21    48   910 
0.634
0.5816
65.13%

SMO
  953    46     0     1     0     0 
  145   774     0    37    24    20 
  146    55   604    34   148    13 
  147   146    51   100   458    98 
   22   114    47    95   585   137 
    1    18     5     0    52   924 
0.646
0.5880
65.67%

