Bagging
  926    62     2     8     2     0 
   87   790     1    41    28    53 
  139    55   605    60    68    73 
  141   127    61   140   251   280 
   16    90    53   176   301   364 
    1    45    12   108   227   607 
0.552
0.4738
56.15%

DecisionTable
  939    55     2     2     2     0 
  107   779     0    36     6    72 
  140    54   613    27    80    86 
  145   115    61    84   268   327 
   20    90    49    70   376   395 
    1    54     4    52   215   674 
0.568
0.4930
57.75%

IBk
  949    48     0     3     0     0 
   92   813     0    24    22    49 
  140    55   611    45    66    83 
  145   135    61   122   248   289 
   18   103    59   158   319   343 
    1    40     6   116   219   618 
0.560
0.4864
57.20%

J48
  898    61    15    21     4     1 
   93   762    16    45    37    47 
  135    51   607    55    75    77 
  129   120    88   142   254   267 
   19    90    72   166   323   330 
    1    49    32   132   203   583 
0.540
0.4630
55.25%

LogitBoost
  906    90     1     2     0     1 
   76   841     0    14     3    66 
  130    66   616    32    81    75 
  129   147    54    78   291   301 
   18   107    47    70   378   380 
    1    50     5    59   231   654 
0.568
0.4946
57.88%

NaiveBayes
  964    36     0     0     0     0 
  161   774     0     0     0    65 
  149    65   633     0    35   118 
  157   162    74     0   169   438 
   20   145    76     0   237   522 
    1   103    11     0   105   780 
0.521
0.4776
56.47%

ClassificationViaRegression
  932    66     0     2     0     0 
   90   828     0    28     0    54 
  141    59   621    34    55    90 
  140   151    55    71   267   316 
   18   111    51    70   369   381 
    1    60     5    26   203   705 
0.575
0.5052
58.77%

SMO
  980    20     0     0     0     0 
  208   719     0     3     0    70 
  154    47   586    13    82   118 
  160   131    44    37   196   432 
   24   112    45    26   261   532 
    1    54     6    15   103   821 
0.566
0.4808
56.73%

