Bagging
  923    66     4     5     2     0 
   77   804     1    51    49    18 
  134    70   602    80   100    14 
  132   159    69   189   352    99 
   20   120    47   259   414   140 
    1    17     6    41    54   881 
0.625
0.5626
63.55%

DecisionTable
  934    66     0     0     0     0 
   94   826     0    45    20    15 
  140    86   619    30   107    18 
  142   218    63    96   362   119 
   18   165    58   139   441   179 
    1    32     9    10    29   919 
0.620
0.5670
63.92%

IBk
  931    69     0     0     0     0 
   80   820     0    52    23    25 
  137    70   618    56   106    13 
  140   164    63   185   350    98 
   19   121    53   240   417   150 
    1    21     5    17    57   899 
0.633
0.5740
64.50%

J48
  937    54     4     3     2     0 
   91   777     8    49    51    24 
  139    63   598    62   125    13 
  137   158    65   142   409    89 
   19   118    69   160   499   135 
    1    21     9    36    69   864 
0.624
0.5634
63.62%

LogitBoost
  879   120     0     1     0     0 
   63   736    19   152    25     5 
  121    91   535    37   123    93 
  116   179   101   182   364    58 
   16   111   110   180   481   102 
    1     5   118    71    28   777 
0.586
0.5180
59.83%

NaiveBayes
  939    60     0     1     0     0 
   87   703     0   103    27    80 
  136    66   651    29   106    12 
  135   127   149   109   395    85 
   20    89   189   104   482   116 
    1     1   186    29    23   760 
0.588
0.5288
60.73%

ClassificationViaRegression
  929    71     0     0     0     0 
   73   848     0    24    35    20 
  137    75   608    30   128    22 
  131   196    56    82   425   110 
   17   128    44    92   555   164 
    1    30     3     5    43   918 
0.642
0.5880
65.67%

SMO
  953    46     0     0     0     1 
  105   791     0     8     0    96 
  144    58   659     3    32   104 
  144   144   192    16   137   367 
   22   107   245    20   195   411 
    1    48    69    74   130   678 
0.510
0.4584
54.87%

