Bagging
  522   141   106    92    70    69 
   16   804    44    68    67     1 
  148   200   175   152   167   158 
  114   258   175   141   161   151 
  117   276   152   161   155   139 
   80    11    88    47    49   725 
0.398
0.3044
42.03%

DecisionTable
  501   162    41    48    40   208 
    0   889    11    36    64     0 
  136   221    95   111    73   364 
   92   274    79   112   105   338 
  108   293    76   113    86   324 
  126    11    38    35     6   784 
0.382
0.2934
41.12%

IBk
  538   168    97    62    59    76 
   17   875    14    40    53     1 
  152   237   151   175   123   162 
  113   285   171   153   120   158 
  118   303   147   154   117   161 
   94    12    72    40    39   743 
0.402
0.3154
42.95%

J48
  484   148   106   104    93    65 
   43   760    46    69    82     0 
  159   197   166   189   170   119 
  133   262   140   176   142   147 
  120   270   164   196   123   127 
  116    10   102    98    73   601 
0.367
0.2620
38.50%

LogitBoost
  483   179    27    77     5   229 
    0   942     5    37    16     0 
  111   259    30   183    14   403 
   77   324    34   188    20   357 
   90   348    30   160    17   355 
   86    13    24    45     3   829 
0.380
0.2978
41.48%

NaiveBayes
  417   215     0    68    51   249 
    0   973     0    16    11     0 
  100   297     0   227   129   247 
   52   381     0   220   131   216 
   64   391     0   214   124   207 
   96    13     0   306   154   431 
0.321
0.2330
36.08%

ClassificationViaRegression
  534   174    95    78    34    85 
    0   924    13    39    23     1 
  151   253   177   157    58   204 
  109   312   156   159    73   191 
  101   348   158   141    63   189 
   92    14    36    29    13   816 
0.415
0.3346
44.55%

SMO
  427   194     0    83    39   257 
    0   962     0    27    11     0 
   81   283     0   215    96   325 
   47   352     0   214   112   275 
   60   376     0   193   101   270 
   50    13     0   119    68   750 
0.364
0.2908
40.90%

