Bagging
  556   130   111    97    81    25 
    7   814    40    66    73     0 
  167   179   211   183   160   100 
  121   226   214   173   172    94 
  120   246   169   182   187    96 
   25    11    33    15    22   894 
0.451
0.3670
47.25%

DecisionTable
  551   169   111   108    36    25 
    4   905     6    56    27     2 
  151   251   229   169    81   119 
  105   299   197   200    87   112 
  102   323   220   171    77   107 
   44    14    41    10    14   877 
0.448
0.3678
47.32%

IBk
  560   172   107    77    64    20 
    3   883    37    29    46     2 
  151   225   224   171   125   104 
  113   283   205   155   131   113 
  120   321   201   142   114   102 
   29     9    31    11    21   899 
0.446
0.3670
47.25%

J48
  464    74   166   140   130    26 
   91   515   113   141   132     8 
  196   115   191   202   222    74 
  162   126   223   206   201    82 
  153   157   195   208   201    86 
   21     9    54    54    72   790 
0.390
0.2734
39.45%

LogitBoost
  524   150   139   129    35    23 
    0   906    19    42    31     2 
  133   234   236   233    73    91 
   90   279   220   230    76   105 
   94   300   184   237    78   107 
   32    14    30    15    17   892 
0.455
0.3732
47.77%

NaiveBayes
  521   216    51   136    44    32 
    0   949     0    10    37     4 
  122   306    37   254   129   152 
   77   384    31   239   121   148 
   84   395    36   210   126   149 
   51    11     1     5    18   914 
0.436
0.3572
46.43%

ClassificationViaRegression
  598   133    93    77    70    29 
   27   825    38    51    54     5 
  221   185   205   161   132    96 
  158   222   210   171   132   107 
  161   258   213   145   119   104 
   29    19    25     9    11   907 
0.442
0.3650
47.08%

SMO
  579   165    68    85    76    27 
    0   922     1    36    38     3 
  165   240   131   165   180   119 
  128   283   106   174   190   119 
  123   322   116   145   181   113 
   28    13    11     5    23   920 
0.457
0.3814
48.45%

