Bagging
  547   145   120    98    74    16 
   24   767    46    73    89     1 
  182   203   182   198   155    80 
  115   269   195   182   146    93 
  126   278   159   199   150    88 
   25    11    29    38    23   874 
0.430
0.3404
45.03%

DecisionTable
  548   180   129    99    21    23 
    0   895    12    72    20     1 
  156   268   244   193    62    77 
  105   337   220   180    73    85 
  115   355   229   159    62    80 
   39    13    54    24    30   840 
0.440
0.3538
46.15%

IBk
  569   160   129    69    57    16 
    4   866    30    45    54     1 
  163   233   204   172   129    99 
  123   301   207   154   111   104 
  116   328   207   117   133    99 
   33    12    32    14    15   894 
0.446
0.3640
47.00%

J48
  520   154   168    76    62    20 
   18   815    46    51    69     1 
  173   221   285   113   122    86 
  117   277   278   110   124    94 
  122   309   251   118   116    84 
   26    11    34    27    33   869 
0.430
0.3430
45.25%

LogitBoost
  496   143   128   115    26    92 
    0   811    13    80    96     0 
  219   204   191   208   107    71 
  158   258   192   212   111    69 
  148   278   179   199   131    65 
   62    11    37    18    55   817 
0.423
0.3316
44.30%

NaiveBayes
  684   159    51    76    28     2 
    0   821     3    55   115     6 
  358   215   135   155    68    69 
  275   276   136   151    71    91 
  277   296   123   119    97    88 
  344    10    28     2     8   608 
0.401
0.2992
41.60%

ClassificationViaRegression
  565   168   172    65    10    20 
    0   909    33    42    14     2 
  167   251   329   119    37    97 
  111   314   305   128    32   110 
  117   350   283   105    46    99 
   33    12    29    19     6   901 
0.458
0.3756
47.97%

SMO
  571   162    46    44    32   145 
    0   868    29    49    54     0 
  183   223   164    88    73   269 
  134   279   158   113    80   236 
  138   306   150    99    75   232 
  242    11   250    73     7   417 
0.343
0.2416
36.80%

