Bagging
  546   167   103    87    78    19 
    4   827    43    64    60     2 
  146   209   231   176   157    81 
  118   273   170   158   185    96 
  116   285   176   156   175    92 
   22    12    29    26    22   889 
0.451
0.3652
47.10%

DecisionTable
  562   172   106    77    60    23 
   14   882    11    54    38     1 
  158   236   190   178   117   121 
  119   294   170   171   125   121 
  115   303   162   169   134   117 
   38    11    29    11    25   886 
0.445
0.3650
47.08%

IBk
  574   169   124    72    50    11 
    4   868    36    40    52     0 
  145   249   263   155   102    86 
  111   297   218   163   114    97 
  115   328   215   138   108    96 
   25    12    32    22    13   896 
0.456
0.3744
47.87%

J48
  426    92   168   151   137    26 
  103   446   109   156   181     5 
  176   122   227   213   199    63 
  159   149   191   204   220    77 
  160   168   189   220   194    69 
   33     9    66    52    47   793 
0.380
0.2580
38.17%

LogitBoost
  511   180   104   116    72    17 
    3   917    19    35    25     1 
  120   252   188   198   160    82 
   80   313   172   181   156    98 
   77   329   187   179   137    91 
   21    13    49    12    28   877 
0.449
0.3622
46.85%

NaiveBayes
  524   235    25   145    57    14 
    0   964     0    17    18     1 
  116   342    31   266   124   121 
   78   413    18   255   117   119 
   80   423    23   224   134   116 
   35    13     5     8    25   914 
0.452
0.3644
47.03%

ClassificationViaRegression
  597   170   101    76    39    17 
   19   850    36    51    43     1 
  209   230   220   144    94   103 
  162   272   196   143   122   105 
  172   287   189   124   122   106 
   29    11    35    10    17   898 
0.445
0.3660
47.17%

SMO
  578   187    69   105    40    21 
    0   942     0    25    33     0 
  158   265   159   195   126    97 
  108   334   133   198   119   108 
  107   345   134   177   133   104 
   18    13    21     7    23   918 
0.464
0.3856
48.80%

