Bagging
  787   183     3    13    14     0 
  229   603     1    52    82    33 
   38    32   778    79    50    23 
   82   180    90   294   262    92 
   31   152    63   279   303   172 
    2    25    18    43    68   844 
0.593
0.5218
60.15%

DecisionTable
  824   164     1     4     5     2 
  274   581     1    52    58    34 
   42    49   782    71    31    25 
   92   203    95   244   262   104 
   31   197    65   240   285   182 
    6    40    18    48    76   812 
0.577
0.5056
58.80%

IBk
  808   177     4     7     4     0 
  289   571     0    50    64    26 
   36    38   789    76    42    19 
   92   191    93   289   246    89 
   34   185    67   300   245   169 
    4    25    19    26    76   850 
0.581
0.5104
59.20%

J48
  623   247    25    59    43     3 
  246   441    33   138   114    28 
   28    40   733   108    67    24 
   79   157   114   267   291    92 
   49   135    70   284   315   147 
    5    34    21    79   128   733 
0.517
0.4224
51.87%

LogitBoost
  809   174     4     5     8     0 
  247   622     0    47    66    18 
   37    34   797    71    40    21 
   93   194    94   279   263    77 
   33   200    61   280   270   156 
    5    26    14    25   112   818 
0.590
0.5190
59.92%

NaiveBayes
  770   219     4     5     2     0 
  303   616     0    32    39    10 
   33    61   762    88    29    27 
   81   258    71   337   162    91 
   34   248    49   307   189   173 
    2    37     9    18   135   799 
0.573
0.4946
57.88%

ClassificationViaRegression
  803   164     7    14     9     3 
  245   599     7    55    62    32 
   37    42   789    82    27    23 
  100   169    98   335   191   107 
   40   177    76   339   191   177 
    4    31    21    34    73   837 
0.579
0.5108
59.23%

SMO
  883   101     3    13     0     0 
  384   499     0    66    30    21 
   42    32   801    77    26    22 
  111   177    94   366   160    92 
   40   183    70   337   197   173 
    3    36    18    18    87   838 
0.585
0.5168
59.73%

