Bagging
  805   159     6     7    15     8 
  233   567     1    44    68    87 
   35    38   780    65    42    40 
   93   167    97   186   194   263 
   34   154    64   189   206   353 
    3    78    15   134   223   547 
0.504
0.4182
51.52%

DecisionTable
  820   152     2     7    11     8 
  262   525     0    14    57   142 
   53    29   779    50    27    62 
   98   148   115   154   108   377 
   38   149    79   130   126   478 
    8    64    20    83    93   732 
0.509
0.4272
52.27%

IBk
  818   152     4     7    12     7 
  243   586     0    28    50    93 
   40    31   791    55    31    52 
   99   179    99   166   194   263 
   36   168    69   181   171   375 
    1    87    16   126   187   583 
0.504
0.4230
51.92%

J48
  790   161     6    23    12     8 
  250   497    20    62    63   108 
   37    29   773    52    49    60 
   98   152   105   136   131   378 
   50   111    87   151   143   458 
    6    75    41   105   104   669 
0.485
0.4016
50.13%

LogitBoost
  786   188     4     4     6    12 
  208   655     0     3    32   102 
   34    40   789    59    21    57 
   86   184   103   152   109   366 
   31   191    72   143    95   468 
    1   100    22    85   110   682 
0.510
0.4318
52.65%

NaiveBayes
   35   949     4     0     0    12 
    2   897     0     0     0   101 
    1    84   756    89    10    60 
    4   337    75   125    67   392 
    0   290    50    97    71   492 
    0   164     8    53    55   720 
0.472
0.3208
43.40%

ClassificationViaRegression
  830   150     2     3     2    13 
  240   625     0     5    19   111 
   41    38   801    43    21    56 
  101   180   100   128   119   372 
   43   179    67   106   110   495 
    3    92    14    52    90   749 
0.526
0.4486
54.05%

SMO
  912    68     4     0     0    16 
  421   460     0     0     0   119 
   43    34   809    22     8    84 
  123   165   116    32    26   538 
   50   180    86    34    11   639 
    5   101    21    27     9   837 
0.476
0.4122
51.02%

