Bagging
  792   191     4     9     4     0 
  254   536     1    79    90    40 
   35    41   773    76    47    28 
   91   177    93   274   258   107 
   30   178    62   260   283   187 
    3    35    16    46    93   807 
0.568
0.4930
57.75%

DecisionTable
  812   178     1     6     2     1 
  251   577     0    46    71    55 
   36    43   773    73    45    30 
   84   196    93   251   265   111 
   28   187    63   225   316   181 
    4    33    21    29   111   802 
0.580
0.5062
58.85%

IBk
  809   177     4     5     5     0 
  274   552     0    72    62    40 
   35    38   795    72    40    20 
   93   189    96   250   278    94 
   26   188    65   290   246   185 
    3    34    24    50    70   819 
0.566
0.4942
57.85%

J48
  787   183     8    12    10     0 
  272   507     7    84    92    38 
   37    35   773    65    61    29 
   89   184    99   237   292    99 
   32   169    65   256   287   191 
    4    33    25    38    90   810 
0.556
0.4802
56.68%

LogitBoost
  797   188     3    10     1     1 
  271   546     0   142    30    11 
   33    41   802    60    31    33 
   93   164   173   362   145    63 
   32   168   127   371   167   135 
    2    25    19   155    68   731 
0.559
0.4810
56.75%

NaiveBayes
  845   132     4    11     5     3 
  306   464     4    88    67    71 
   37    29   858    26    32    18 
   94   143   313   148   209    93 
   37   125   257   176   239   166 
    3    18    48    42   124   765 
0.531
0.4638
55.32%

ClassificationViaRegression
  811   176     4     4     5     0 
  263   591     0    43    56    47 
   33    44   781    57    55    30 
   83   207    95   226   274   115 
   26   200    62   236   260   216 
    3    35    21    21    63   857 
0.575
0.5052
58.77%

SMO
  815   163     4     8     6     4 
  263   554     0    52    47    84 
   36    35   846    22    34    27 
   88   173   215   111   251   162 
   29   166   162   146   323   174 
    3    88    45   199   375   290 
0.470
0.3878
48.98%

