Bagging
  775   171     5    23    24     2 
  271   564     0    63    67    35 
   25    40   784    71    58    22 
  100   120    80   307   292   101 
   40   125    60   282   312   181 
    3    40    18    37    65   837 
0.588
0.5158
59.65%

DecisionTable
  792   172     1    18    15     2 
  388   446     5    51    61    49 
   54    34   773    73    49    17 
  115   116    99   259   283   128 
   50   125    70   240   307   208 
   23    34    14    49    62   818 
0.556
0.4790
56.58%

IBk
  782   179     4    10    21     4 
  400   463     0    53    45    39 
   31    44   795    75    32    23 
  102   158    98   296   221   125 
   44   151    70   297   235   203 
    6    39    19    45    40   851 
0.559
0.4844
57.03%

J48
  589   257    22    80    49     3 
  276   434    33   115   106    36 
   32    34   734   106    69    25 
   89   128   113   304   273    93 
   60   110    93   279   309   149 
    9    46    24    84   141   696 
0.509
0.4132
51.10%

LogitBoost
  780   184     4    16    15     1 
  294   576     0    43    51    36 
   29    44   802    50    53    22 
   93   141    94   270   298   104 
   44   142    65   262   299   188 
    4    37    12    33    84   830 
0.583
0.5114
59.28%

NaiveBayes
  369   609     4     4    12     2 
  163   746     0    15    54    22 
    9    77   779    74    32    29 
   38   265    81   182   310   124 
   13   242    55   173   298   219 
    2    59    14     5    94   826 
0.540
0.4400
53.33%

ClassificationViaRegression
  763   176     6    30    21     4 
  266   574     9    54    60    37 
   29    36   783    68    57    27 
  113   120    98   283   271   115 
   57   110    67   285   307   174 
    9    39    17    35    56   844 
0.582
0.5108
59.23%

SMO
  831   131     4    27     5     2 
  321   544     0    71    30    34 
   29    41   786    84    35    25 
  119   117   102   355   209    98 
   57   125    75   322   232   189 
    7    29    16    18    64   866 
0.591
0.5228
60.23%

