LAbsMin
KendallTauMin
LSquareMin
CanberraDistanceMin
LAbsMean
KendallTauMean
LSquareMean
LMaxMin
CanberraDistanceMean
LAbsMax
LMaxStandardDeviation
LSquareStandardDeviation
CanberraDistanceStandardDeviation
CanberraDistanceMax
KendallTauStandardDeviation
class

Bagging
  896    97     4     3     0     0 
  131   754     4    50    35    26 
  124    70   610    73   104    19 
  130   143    61   229   344    93 
   17   103    58   221   459   142 
    0    25     4    27    46   898 
0.633
0.5692
64.10%

DecisionTable
  901    97     1     1     0     0 
  154   739     2    63    15    27 
  139    60   603    50   128    20 
  136   140    66   128   435    95 
   24    93    61   131   546   145 
    7    30    10    14    60   879 
0.621
0.5592
63.27%

IBk
  922    78     0     0     0     0 
  162   731     1    52    24    30 
  139    63   615    76    92    15 
  136   146    74   187   365    92 
   21   110    57   248   428   136 
    1    25     6    27    49   892 
0.618
0.5550
62.92%

J48
  764   116    67    47     6     0 
  122   666    41    84    61    26 
   97    64   595    82   143    19 
  101   130    87   189   413    80 
   17    83    88   167   535   110 
    0    36    16    71    75   802 
0.585
0.5102
59.18%

LogitBoost
  884   113     0     3     0     0 
  121   780     0    53    23    23 
  127    69   609    62   115    18 
  124   146    55   155   412   108 
   20   100    47   165   522   146 
    1    31     3    23    47   895 
0.631
0.5690
64.08%

NaiveBayes
  941    57     0     2     0     0 
  202   701     0    56    21    20 
  147    63   644    40    90    16 
  149   155    99   100   371   126 
   24   120   110    92   490   164 
    1    13    25    12    42   907 
0.611
0.5566
63.05%

ClassificationViaRegression
  907    91     0     2     0     0 
  129   788     1    27    23    32 
  130    65   615    40   133    17 
  127   163    62   121   434    93 
   19   100    55   133   549   144 
    1    25     6    20    24   924 
0.638
0.5808
65.07%

SMO
  935    63     0     2     0     0 
  171   731     0    43    25    30 
  139    58   598    41   148    16 
  139   131    95   115   424    96 
   22   104   109    99   528   138 
    1    25     6     0    51   917 
0.623
0.5648
63.73%

