CanberraDistanceKurtosis
LevenshteinDistanceSkewness
LevenshteinDistanceKurtosis
CanberraDistanceStandardDeviation
LSquareKurtosis
CanberraDistanceMin
LMaxMin
LMaxKurtosis
LSquareStandardDeviation
LSquareMin
LevenshteinDistanceMin
LAbsMin
KendallTauMin
LAbsKurtosis
KendallTauKurtosis
class

Bagging
  555   161   102    89    76    17 
    9   807    39    68    76     1 
  161   214   230   164   150    81 
  109   284   179   161   175    92 
  120   276   193   159   159    93 
   17    12    30    22    26   893 
0.447
0.3610
46.75%

DecisionTable
  556   212    92    82    33    25 
    7   874    22    85    12     0 
  154   306   165   168    99   108 
  111   354   143   174   104   114 
  112   351   173   183    75   106 
   30    10    33    19    15   893 
0.429
0.3474
45.62%

IBk
  564   176   140    69    39    12 
    4   847    42    64    43     0 
  161   247   251   155   108    78 
  118   306   214   168    96    98 
  110   305   229   149   112    95 
   23     9    36    20    11   901 
0.453
0.3686
47.38%

J48
  457    84   164   156   118    21 
   95   445   149   146   163     2 
  187   145   219   215   152    82 
  148   166   211   208   187    80 
  164   170   199   202   183    82 
   23     9    49    40    55   824 
0.383
0.2672
38.93%

LogitBoost
  553   194    92    80    63    18 
    3   851    28    83    33     2 
  154   254   165   175   161    91 
  107   312   177   161   150    93 
  112   312   164   172   146    94 
   23    10    45    16    19   887 
0.438
0.3526
46.05%

NaiveBayes
  594   274    52    48     5    27 
    0   946     0    41    13     0 
  197   435    93   107    42   126 
  152   491    63   131    42   121 
  152   476    79   119    53   121 
   21    13    14     9    18   925 
0.435
0.3484
45.70%

ClassificationViaRegression
  600   202    78    54    38    28 
    0   929    18    24    27     2 
  222   283   186   108    91   110 
  163   349   165   101   113   109 
  150   375   166   103    88   118 
   25    12    26     4    16   917 
0.437
0.3642
47.02%

SMO
  560   206    79    84    49    22 
    0   934     0    29    37     0 
  150   290   132   180   146   102 
  100   367   110   151   165   107 
  106   377   120   135   155   107 
   20    13    17     8    24   918 
0.451
0.3700
47.50%

