CanberraDistanceMin
LAbsMin
KendallTauMin
LSquareMin
LMaxMin
LAbsMean
CanberraDistanceMean
LMaxStandardDeviation
KendallTauMean
CanberraDistanceMax
LAbsMax
LSquareMean
LSquareStandardDeviation
KendallTauMax
LSquareMax
class

Bagging
  766   177     3    28    22     4 
  269   564     2    55    72    38 
   25    41   786    80    44    24 
   95   111    92   306   306    90 
   43   111    65   294   316   171 
    3    34    14    40    55   854 
0.590
0.5184
59.87%

DecisionTable
  820   142     0    22    12     4 
  406   428     0    48    78    40 
   56    28   779    71    42    24 
  110   103   101   243   304   139 
   57   102    65   227   341   208 
   21    36    18    28    75   822 
0.563
0.4866
57.22%

IBk
  791   166     4    20    16     3 
  361   486     0    52    64    37 
   33    37   787    84    34    25 
  101   145   100   307   245   102 
   53   123    64   318   261   181 
    6    34    14    46    53   847 
0.570
0.4958
57.98%

J48
  645   227    22    62    38     6 
  254   497    26    96    89    38 
   28    36   767    97    57    15 
   93   124   131   284   288    80 
   55   102    90   307   298   148 
    9    45    22    85   117   722 
0.531
0.4426
53.55%

LogitBoost
  781   184     2     9    24     0 
  302   573     0    40    52    33 
   30    40   801    60    47    22 
   96   134    95   263   317    95 
   44   138    63   280   300   175 
    6    33    12    53   120   776 
0.574
0.4988
58.23%

NaiveBayes
  733   246     4     0    15     2 
  356   546     0     7    71    20 
   30    51   837     9    57    16 
   83   201   153    28   403   132 
   33   205   114    31   388   229 
    2    61    54     6   104   773 
0.534
0.4610
55.08%

ClassificationViaRegression
  766   184     1    24    22     3 
  243   599     3    78    39    38 
   31    38   786    69    56    20 
  112   103    92   299   283   111 
   57    93    67   283   310   190 
    9    32    16    24    26   893 
0.599
0.5306
60.88%

SMO
  830   139     4    20     4     3 
  375   496     0    74    21    34 
   33    39   806    68    26    28 
  121   125   136   357   159   102 
   53   128    94   342   197   186 
    4    34    14    16    68   864 
0.579
0.5100
59.17%

