CayleyDistanceMean
CanberraDistanceMean
LevenshteinDistanceMean
LAbsMean
KendallTauMean
LSquareMean
CayleyDistanceMin
LAbsMin
LevenshteinDistanceMin
CanberraDistanceMin
class

Bagging
  924    60     7     8     1     0 
   83   811     1    48    38    19 
  140    47   613    86   105     9 
  131   133    54   242   354    86 
   17   101    56   276   425   125 
    1    15     3    34    49   898 
0.644
0.5826
65.22%

DecisionTable
  933    64     0     3     0     0 
   82   815     1    57    22    23 
  144    66   613    48   110    19 
  135   172    60   116   418    99 
   16   145    46    99   540   154 
    2    26     5    18    60   889 
0.638
0.5812
65.10%

IBk
  936    61     0     3     0     0 
  102   812     0    43    26    17 
  134    65   620    64   104    13 
  133   154    57   244   329    83 
   21   115    57   248   433   126 
    1    17     8    27    37   910 
0.650
0.5910
65.92%

J48
  861    84    20    31     4     0 
   82   734    25    77    58    24 
  121    52   603    87   123    14 
  115   134    98   165   419    69 
   21    97    80   172   506   124 
    1    15    11    48    72   853 
0.610
0.5444
62.03%

LogitBoost
  941    59     0     0     0     0 
   95   844     0    45     4    12 
  140    63   613    64   100    20 
  137   166    61   176   351   109 
   20   120    48   174   480   158 
    1    32     3    34    36   894 
0.646
0.5896
65.80%

NaiveBayes
  970    29     0     1     0     0 
  174   743     0    58    16     9 
  149    65   646    43    82    15 
  155   153   107   138   329   118 
   24   124   126   135   408   183 
    1     9    54    24    47   865 
0.609
0.5540
62.83%

ClassificationViaRegression
  943    56     0     1     0     0 
   85   827     0    55    14    19 
  140    56   618    57   108    21 
  139   141    62   141   412   105 
   17   115    47   155   502   164 
    1    23     5     5    40   926 
0.645
0.5914
65.95%

SMO
  962    38     0     0     0     0 
  155   775     0    25    23    22 
  146    59   607    30   145    13 
  149   147    49    77   480    98 
   21   118    46    69   610   136 
    1    19     4     0    52   924 
0.648
0.5910
65.92%

