LSquareMean
KendallTauMean
LAbsMean
CanberraDistanceMean
LevenshteinDistanceMean
LAbsMin
KendallTauMin
CanberraDistanceMin
LSquareMin
LevenshteinDistanceMin
class

Bagging
  890   102     4     4     0     0 
  122   761     6    54    32    25 
  133    62   616    78    98    13 
  124   146    75   242   336    77 
   18   100    58   233   461   130 
    1    28     5    26    44   896 
0.636
0.5732
64.43%

DecisionTable
  896    99     2     1     2     0 
  149   740     4    62    23    22 
  136    64   616    51   111    22 
  139   142    72   143   397   107 
   24    94    66   154   514   148 
    9    22     6    20    67   876 
0.619
0.5570
63.08%

IBk
  906    92     0     2     0     0 
  141   753     3    55    16    32 
  136    68   620    69    95    12 
  134   148    58   246   331    83 
   23   105    57   217   462   136 
    1    23     8    21    47   900 
0.641
0.5774
64.78%

J48
  812   109    42    35     2     0 
  131   679    41    76    43    30 
  105    73   614    80   114    14 
  112   139   100   176   401    72 
   13    81    94   200   495   117 
    2    35    13    41    70   839 
0.592
0.5230
60.25%

LogitBoost
  895   104     0     1     0     0 
  125   825     0    20    14    16 
  125    83   609    68    95    20 
  125   200    58   137   365   115 
   18   140    49   140   487   166 
    1    42     4    29    29   895 
0.630
0.5696
64.13%

NaiveBayes
  940    59     0     1     0     0 
  192   722     0    54    18    14 
  147    62   641    34    86    30 
  146   152    98    97   319   188 
   24   120   115    83   379   279 
    1    20    50    14    49   866 
0.587
0.5290
60.75%

ClassificationViaRegression
  908    91     0     1     0     0 
  127   781     1    44    16    31 
  130    71   625    51   100    23 
  129   161    69   132   403   106 
   19   111    56   119   549   146 
    1    25     5     4    33   932 
0.642
0.5854
65.45%

SMO
  937    62     0     1     0     0 
  170   743     0    32    21    34 
  142    57   578    40   168    15 
  141   141    63    85   470   100 
   22   111    61    79   574   153 
    1    26     1     0    43   929 
0.629
0.5692
64.10%

