CanberraDistanceStandardDeviation
KendallTauStandardDeviation
LAbsStandardDeviation
LSquareStandardDeviation
CanberraDistanceKurtosis
LAbsMin
CanberraDistanceMin
LSquareMin
KendallTauMin
LAbsKurtosis
class

Bagging
  546   163    96   102    78    15 
   11   788    61    66    74     0 
  160   214   228   156   164    78 
  115   277   187   158   175    88 
  117   285   182   193   134    89 
   21     9    31    23    22   894 
0.437
0.3496
45.80%

DecisionTable
  559   206    84    80    42    29 
    2   870    26    73    29     0 
  161   283   156   184    94   122 
  111   356   145   178    87   123 
  112   356   142   177    89   124 
   34    11    28    11    18   898 
0.432
0.3500
45.83%

IBk
  561   180   120    82    43    14 
    4   848    38    59    51     0 
  162   224   224   184   123    83 
  113   297   215   156   127    92 
  114   306   204   174   104    98 
   24    10    28    17    17   904 
0.441
0.3594
46.62%

J48
  543   114   137    96    91    19 
  101   510   131   148   109     1 
  205   150   220   168   170    87 
  155   176   224   182   174    89 
  164   206   191   176   177    86 
   31     6    46    49    28   840 
0.400
0.2944
41.20%

LogitBoost
  567   199    88    83    48    15 
    5   852    32    80    31     0 
  169   252   189   179   128    83 
  118   314   162   194   119    93 
  112   318   190   171   113    96 
   20    10    47    10    30   883 
0.444
0.3596
46.63%

NaiveBayes
  595   265    57    54     4    25 
    0   938     0    48    11     3 
  179   425   104   104    51   137 
  145   468    66   140    43   138 
  144   458    86   131    48   133 
   28    11    21     9    12   919 
0.434
0.3488
45.73%

ClassificationViaRegression
  590   185    89    84    31    21 
    0   920    14    46    16     4 
  192   266   199   159    87    97 
  139   326   179   170    79   107 
  124   346   180   158    78   114 
   24    13    20     6    24   913 
0.449
0.3740
47.83%

SMO
  569   212    87    77    41    14 
    0   930     0    41    29     0 
  152   286   158   180   122   102 
  105   363   112   169   136   115 
  108   376   118   151   136   111 
   30    13    18     7    24   908 
0.456
0.3740
47.83%

