CanberraDistanceMean
CanberraDistanceMin
LAbsMean
LSquareMean
LMaxStandardDeviation
LAbsMin
CanberraDistanceStandardDeviation
KendallTauMin
KendallTauMean
LSquareMin
class

Bagging
  562   125   116    83    91    23 
   13   816    46    52    71     2 
  146   166   218   228   158    84 
  114   198   220   215   156    97 
  127   238   160   200   188    87 
   25    12    24    21    24   894 
0.463
0.3786
48.22%

DecisionTable
  561   161   109    99    45    25 
    6   893    14    50    34     3 
  157   238   179   215   100   111 
  120   273   202   217    81   107 
  121   297   165   203   103   111 
   52    12    48    14    23   851 
0.442
0.3608
46.73%

IBk
  569   156    93    95    63    24 
    3   880    27    52    38     0 
  153   213   225   177   139    93 
  123   259   210   175   135    98 
  128   295   186   157   141    93 
   31    13    23    16    19   898 
0.457
0.3776
48.13%

J48
  513    89   159   115    99    25 
   80   600    87    93   133     7 
  167   111   293   191   161    77 
  156   139   266   197   166    76 
  180   150   230   186   175    79 
   38     7    43    40    44   828 
0.425
0.3212
43.43%

LogitBoost
  567   172   130    85    22    24 
    0   923    11    45    17     4 
  155   261   237   199    50    98 
  111   292   227   203    54   113 
  116   328   218   187    37   114 
   30    14    36    13    12   895 
0.445
0.3724
47.70%

NaiveBayes
  522   195    60   157     0    66 
    0   931     0    68     0     1 
  112   277    54   366     3   188 
   74   344    57   356     2   167 
   79   365    50   329     5   172 
   39    11     2    29     2   917 
0.449
0.3570
46.42%

ClassificationViaRegression
  566   156   131    98    27    22 
    0   888    11    74    26     1 
  153   202   264   183    87   111 
  111   236   231   234    83   105 
  111   272   228   164   104   121 
   26    14    29     1    11   919 
0.474
0.3950
49.58%

SMO
  578   177    53    36   128    28 
    0   931     0    20    47     2 
  151   257    83    87   288   134 
  112   308    70    91   290   129 
  111   337    67    62   295   128 
   32    13     6     0    27   922 
0.458
0.3800
48.33%

