CayleyDistanceMean
LevenshteinDistanceMean
CanberraDistanceMean
LAbsMean
KendallTauMean
LSquareMean
CayleyDistanceMin
CanberraDistanceMin
LevenshteinDistanceMin
LAbsMin
class

Bagging
  799   172     5    15     9     0 
  243   582     2    69    76    28 
   35    31   784    84    43    23 
   89   163    91   279   295    83 
   26   159    63   270   304   178 
    4    26    18    35    90   827 
0.587
0.5150
59.58%

DecisionTable
  816   164     3     5    11     1 
  279   565     0    56    77    23 
   46    40   773    77    37    27 
   97   182    97   244   288    92 
   33   187    59   254   299   168 
   16    34    19    34   103   794 
0.572
0.4982
58.18%

IBk
  807   175     4     3    11     0 
  281   582     1    65    42    29 
   35    41   792    78    36    18 
   91   196    96   290   248    79 
   34   177    57   300   267   165 
    3    26    17    45    78   831 
0.585
0.5138
59.48%

J48
  716   174    20    58    30     2 
  267   458    28   104   115    28 
   35    30   791    68    57    19 
  101   132   122   263   289    93 
   43   127    88   252   335   155 
    4    44    21    62   108   761 
0.546
0.4648
55.40%

LogitBoost
  796   189     3     1    11     0 
  269   600     0    22    80    29 
   40    34   799    45    56    26 
   97   191    93   186   320   113 
   32   195    61   163   336   213 
    5    28    14    20    92   841 
0.583
0.5116
59.30%

NaiveBayes
  823   165     4     0     8     0 
  324   584     0     0    78    14 
   37    46   840     6    58    13 
   91   226   162    17   372   132 
   31   235   112    12   373   237 
    3    49    63     0   119   766 
0.559
0.4806
56.72%

ClassificationViaRegression
  824   156     3     8     9     0 
  224   632     0    34    79    31 
   37    32   804    52    46    29 
  102   155   100   210   313   120 
   37   152    66   200   330   215 
    3    32    20    27    45   873 
0.598
0.5346
61.22%

SMO
  879   106     4    11     0     0 
  378   495     0    71    34    22 
   41    33   806    76    20    24 
  107   183   102   368   144    96 
   44   184    72   357   148   195 
    3    31    14    21    86   845 
0.574
0.5082
59.02%

