KendallTauMean
LAbsMean
LSquareMean
CanberraDistanceMean
LevenshteinDistanceMean
LAbsMin
KendallTauMin
CanberraDistanceMin
LSquareMin
LevenshteinDistanceMin
class

Bagging
  762   182     6    31    15     4 
  254   587     2    62    64    31 
   30    33   781    85    50    21 
   97   111    85   320   283   104 
   42   111    57   325   300   165 
    4    35    18    43    45   855 
0.593
0.5210
60.08%

DecisionTable
  783   175     3    20    11     8 
  367   474     2    69    52    36 
   44    39   780    74    46    17 
  105   119    97   291   272   116 
   53   121    62   259   301   204 
   16    47    15    47    72   803 
0.564
0.4864
57.20%

IBk
  790   168     4    19    13     6 
  317   532     0    52    59    40 
   32    36   793    84    39    16 
  105   123    92   331   252    97 
   43   129    60   305   279   184 
    5    33    15    54    41   852 
0.587
0.5154
59.62%

J48
  647   255    15    56    24     3 
  277   484    23    94    85    37 
   29    33   770    79    69    20 
  103   105   116   276   312    88 
   50   119    90   286   312   143 
    7    45    20    76    97   755 
0.535
0.4488
54.07%

LogitBoost
  785   182     3    15    10     5 
  301   577     0    44    49    29 
   25    45   797    61    52    20 
   96   135    98   203   355   113 
   40   145    66   218   338   193 
    4    39    12    44    83   818 
0.575
0.5036
58.63%

NaiveBayes
  636   342     4     0    16     2 
  304   599     0     2    73    22 
   26    55   838     1    54    26 
   66   225   163     4   307   235 
   24   216   122     1   296   341 
    3    58    81     1   103   754 
0.513
0.4254
52.12%

ClassificationViaRegression
  785   170     3    19    18     5 
  252   602     3    55    50    38 
   31    34   802    65    48    20 
  121    97    97   303   265   117 
   57    91    74   285   299   194 
   10    30    17    21    32   890 
0.602
0.5362
61.35%

SMO
  831   137     4    20     2     6 
  359   517     0    67    14    43 
   35    34   814    67    22    28 
  121   120   139   371   150    99 
   53   129    97   352   186   183 
    5    33    16    23    55   868 
0.585
0.5174
59.78%

