Bagging [[1836.0, 36.0, 18.0], [267.0, 1397.0, 226.0], [14.0, 36.0, 1840.0]]
Clustering [[259.0, 490.0, 1141.0], [233.0, 764.0, 893.0], [298.0, 430.0, 1162.0]]
DecisionTable [[1165.0, 297.0, 428.0], [737.0, 803.0, 350.0], [262.0, 258.0, 1370.0]]
END [[1869.0, 16.0, 5.0], [267.0, 1446.0, 177.0], [0.0, 0.0, 1890.0]]
IBk [[1132.0, 245.0, 513.0], [478.0, 894.0, 518.0], [651.0, 312.0, 927.0]]
J48 [[1865.0, 12.0, 13.0], [251.0, 1443.0, 196.0], [0.0, 0.0, 1890.0]]
LogitBoost [[1053.0, 334.0, 503.0], [402.0, 1040.0, 448.0], [533.0, 378.0, 979.0]]
NaiveBayes [[860.0, 348.0, 682.0], [458.0, 764.0, 668.0], [755.0, 369.0, 766.0]]
Regression [[1710.0, 118.0, 62.0], [280.0, 1356.0, 252.0], [44.0, 90.0, 1756.0]]
RotationForest [[1872.0, 14.0, 4.0], [123.0, 1676.0, 91.0], [0.0, 0.0, 1890.0]]
SMO [[851.0, 339.0, 700.0], [425.0, 977.0, 488.0], [669.0, 394.0, 827.0]]
    Classifier | Test #1 | Test #2 | Test #3 | Test #4 | Test #5 | Test #6 | Test #7 | Test #8 | Test #9 | Test #10 | Correct | Kappa 
---------------+---------+---------+---------+---------+---------+---------+---------+---------+---------+----------+---------+-------
       Bagging |   87,48 |   92,77 |   90,48 |   88,36 |   88,89 |   88,89 |   87,83 |   92,24 |   88,18 |    89,59 |   89,47 | 0,842 
    Clustering |   34,39 |   37,74 |   37,39 |   39,51 |   36,86 |   41,09 |   38,10 |   40,56 |   38,80 |    40,92 |   38,54 | 0,078 
 DecisionTable |   64,55 |   59,08 |   55,20 |   59,61 |   56,97 |   57,85 |   60,14 |   55,91 |   54,67 |    64,73 |   58,87 | 0,383 
           END |   91,71 |   94,53 |   90,48 |   88,89 |   92,06 |   93,83 |   90,48 |   93,47 |   92,24 |    90,30 |   91,80 | 0,877 
           IBk |   55,91 |   49,38 |   51,85 |   48,68 |   50,79 |   54,50 |   52,20 |   50,44 |   53,44 |    53,62 |   52,08 | 0,281 
           J48 |   90,83 |   90,12 |   92,06 |   92,59 |   91,53 |   91,36 |   93,47 |   90,83 |   92,95 |    91,01 |   91,68 | 0,875 
    LogitBoost |   55,56 |   55,91 |   55,20 |   53,09 |   56,79 |   55,20 |   54,50 |   54,32 |   51,32 |    49,91 |   54,18 | 0,313 
    NaiveBayes |   44,09 |   41,45 |   44,80 |   40,39 |   40,21 |   41,62 |   44,44 |   39,15 |   40,39 |    44,97 |   42,15 | 0,132 
    Regression |   84,66 |   87,65 |   84,30 |   82,19 |   86,55 |   83,42 |   84,13 |   86,07 |   85,54 |    86,24 |   85,07 | 0,776 
RotationForest |   93,65 |   95,41 |   97,00 |   94,89 |   96,30 |   97,53 |   97,53 |   96,30 |   96,12 |    94,36 |   95,91 | 0,939 
           SMO |   46,38 |   46,56 |   46,21 |   46,56 |   44,09 |   45,15 |   50,09 |   45,86 |   50,09 |    47,27 |   46,83 | 0,202 


Bagging [[1869.0, 18.0, 3.0], [192.0, 1552.0, 146.0], [6.0, 11.0, 1873.0]]
Clustering [[0.0, 343.0, 1547.0], [0.0, 823.0, 1067.0], [0.0, 225.0, 1665.0]]
DecisionTable [[1048.0, 34.0, 52.0], [761.0, 293.0, 80.0], [42.0, 29.0, 1063.0]]
END [[1880.0, 10.0, 0.0], [135.0, 1635.0, 120.0], [0.0, 6.0, 1884.0]]
IBk [[1061.0, 251.0, 578.0], [497.0, 907.0, 486.0], [565.0, 245.0, 1080.0]]
J48 [[1871.0, 15.0, 4.0], [201.0, 1525.0, 164.0], [0.0, 0.0, 1890.0]]
LogitBoost [[992.0, 381.0, 517.0], [374.0, 1077.0, 439.0], [481.0, 257.0, 1152.0]]
NaiveBayes [[224.0, 285.0, 1381.0], [282.0, 766.0, 842.0], [151.0, 222.0, 1517.0]]
Regression [[1791.0, 70.0, 29.0], [216.0, 1492.0, 182.0], [5.0, 50.0, 1835.0]]
RotationForest [[1884.0, 6.0, 0.0], [82.0, 1750.0, 58.0], [0.0, 0.0, 1890.0]]
SMO [[680.0, 286.0, 924.0], [336.0, 980.0, 574.0], [518.0, 183.0, 1189.0]]
    Classifier | Test #1 | Test #2 | Test #3 | Test #4 | Test #5 | Test #6 | Test #7 | Test #8 | Test #9 | Test #10 | Correct | Kappa 
---------------+---------+---------+---------+---------+---------+---------+---------+---------+---------+----------+---------+-------
       Bagging |   94,89 |   95,06 |   94,53 |   91,71 |   93,12 |   91,71 |   93,47 |   92,42 |   94,18 |    92,59 |   93,37 | 0,901 
    Clustering |   43,39 |   43,21 |   42,15 |   42,50 |   43,03 |   42,15 |   47,27 |   47,09 |   46,03 |    41,98 |   43,88 | 0,158 
 DecisionTable |   69,14 |   72,13 |    null |    null |    null |   65,08 |   72,49 |   69,31 |    null |    75,84 |   42,40 | 0,336 
           END |   94,00 |   95,41 |   93,65 |   95,94 |   94,89 |   95,94 |   95,24 |   95,94 |   96,47 |    94,71 |   95,22 | 0,928 
           IBk |   57,14 |   52,20 |   55,38 |   55,56 |   51,15 |   52,56 |   54,85 |   48,85 |   54,32 |    55,56 |   53,76 | 0,306 
           J48 |   92,59 |   91,89 |   94,71 |   92,95 |   92,24 |   95,06 |   92,59 |   94,00 |   92,59 |    93,65 |   93,23 | 0,898 
    LogitBoost |   53,26 |   62,26 |   58,55 |   57,85 |   53,62 |   54,32 |   56,08 |   57,50 |   56,61 |    58,02 |   56,81 | 0,352 
    NaiveBayes |   44,27 |   46,91 |   40,56 |   42,50 |   44,09 |   43,92 |   45,33 |   48,85 |   44,97 |    40,74 |   44,22 | 0,163 
    Regression |   91,53 |   89,42 |   91,89 |   88,36 |   91,89 |   87,13 |   87,83 |   92,24 |   89,77 |    92,59 |   90,26 | 0,854 
RotationForest |   98,24 |   98,41 |   97,35 |   97,53 |   97,71 |   97,18 |   98,24 |   98,06 |   96,30 |    95,24 |   97,43 | 0,961 
           SMO |   47,62 |   48,68 |   53,26 |   47,62 |   48,85 |   52,03 |   51,85 |   47,44 |   51,50 |    53,62 |   50,25 | 0,254 


Bagging [[1849.0, 41.0, 0.0], [173.0, 1551.0, 166.0], [0.0, 6.0, 1884.0]]
Clustering [[0.0, 393.0, 1497.0], [0.0, 610.0, 1280.0], [0.0, 280.0, 1610.0]]
DecisionTable [[1578.0, 45.0, 78.0], [1191.0, 394.0, 116.0], [34.0, 25.0, 1642.0]]
END [[1879.0, 11.0, 0.0], [141.0, 1616.0, 133.0], [0.0, 0.0, 1890.0]]
IBk [[1229.0, 162.0, 499.0], [630.0, 552.0, 708.0], [569.0, 193.0, 1128.0]]
J48 [[1878.0, 12.0, 0.0], [181.0, 1546.0, 163.0], [0.0, 6.0, 1884.0]]
LogitBoost [[1269.0, 304.0, 317.0], [438.0, 974.0, 478.0], [390.0, 296.0, 1204.0]]
NaiveBayes [[518.0, 248.0, 1124.0], [469.0, 472.0, 949.0], [217.0, 214.0, 1459.0]]
Regression [[1857.0, 21.0, 12.0], [259.0, 1414.0, 217.0], [0.0, 31.0, 1859.0]]
RotationForest [[1890.0, 0.0, 0.0], [54.0, 1769.0, 67.0], [0.0, 0.0, 1890.0]]
SMO [[1131.0, 379.0, 380.0], [432.0, 896.0, 562.0], [528.0, 343.0, 1019.0]]
    Classifier | Test #1 | Test #2 | Test #3 | Test #4 | Test #5 | Test #6 | Test #7 | Test #8 | Test #9 | Test #10 | Correct | Kappa 
---------------+---------+---------+---------+---------+---------+---------+---------+---------+---------+----------+---------+-------
       Bagging |   92,59 |   94,53 |   91,89 |   93,12 |   92,95 |   95,24 |   92,42 |   93,12 |   92,59 |    93,47 |   93,19 | 0,898 
    Clustering |   37,92 |   38,80 |   40,74 |   40,21 |   40,74 |   37,92 |   38,62 |   38,80 |   40,74 |    37,04 |   39,15 | 0,087 
 DecisionTable |    null |   73,54 |   69,84 |   70,55 |   69,84 |   71,78 |   73,90 |   70,37 |   68,08 |    69,49 |   63,74 | 0,506 
           END |   92,06 |   95,77 |   95,24 |   94,36 |   96,12 |   96,65 |   93,30 |   95,94 |   94,00 |    96,30 |   94,97 | 0,925 
           IBk |   52,20 |   47,80 |   51,15 |   53,09 |   52,20 |   48,68 |   54,32 |   50,97 |   52,38 |    50,26 |   51,31 | 0,270 
           J48 |   92,95 |   94,53 |   93,65 |   90,83 |   97,00 |   94,18 |   92,77 |   92,42 |   92,06 |    95,77 |   93,62 | 0,904 
    LogitBoost |   63,49 |   60,14 |   58,73 |   61,38 |   63,49 |   60,49 |   61,02 |   59,26 |   58,73 |    61,20 |   60,79 | 0,412 
    NaiveBayes |   43,74 |   41,09 |   40,92 |   45,33 |   42,33 |   39,68 |   44,80 |   43,74 |   43,56 |    46,74 |   43,19 | 0,148 
    Regression |   89,42 |   90,12 |   90,65 |   90,65 |   90,83 |   89,24 |   91,71 |   89,42 |   91,89 |    90,83 |   90,48 | 0,857 
RotationForest |   98,94 |   97,71 |   97,88 |   96,83 |   98,24 |   97,88 |   97,53 |   98,24 |   96,47 |    98,94 |   97,87 | 0,968 
           SMO |   55,03 |   51,85 |   54,67 |   54,85 |   53,79 |   53,44 |   53,44 |   50,79 |   52,56 |    56,79 |   53,72 | 0,306 


Bagging [[1877.0, 13.0, 0.0], [187.0, 1515.0, 188.0], [0.0, 5.0, 1885.0]]
Clustering [[0.0, 731.0, 1159.0], [0.0, 1100.0, 790.0], [0.0, 510.0, 1380.0]]
DecisionTable [[355.0, 9.0, 14.0], [249.0, 106.0, 23.0], [24.0, 0.0, 354.0]]
END [[1875.0, 15.0, 0.0], [187.0, 1585.0, 118.0], [0.0, 6.0, 1884.0]]
IBk [[1031.0, 241.0, 618.0], [554.0, 842.0, 494.0], [570.0, 219.0, 1101.0]]
J48 [[1874.0, 15.0, 1.0], [208.0, 1514.0, 168.0], [0.0, 0.0, 1890.0]]
LogitBoost [[972.0, 389.0, 529.0], [385.0, 1064.0, 441.0], [506.0, 266.0, 1118.0]]
NaiveBayes [[280.0, 321.0, 1289.0], [267.0, 806.0, 817.0], [155.0, 232.0, 1503.0]]
Regression [[1823.0, 49.0, 18.0], [206.0, 1503.0, 181.0], [7.0, 26.0, 1857.0]]
RotationForest [[1887.0, 3.0, 0.0], [66.0, 1754.0, 70.0], [0.0, 0.0, 1890.0]]
SMO [[866.0, 265.0, 759.0], [411.0, 994.0, 485.0], [621.0, 261.0, 1008.0]]
    Classifier | Test #1 | Test #2 | Test #3 | Test #4 | Test #5 | Test #6 | Test #7 | Test #8 | Test #9 | Test #10 | Correct | Kappa 
---------------+---------+---------+---------+---------+---------+---------+---------+---------+---------+----------+---------+-------
       Bagging |   92,77 |   93,30 |   94,00 |   90,48 |   94,00 |   92,42 |   92,42 |   94,53 |   91,89 |    94,89 |   93,07 | 0,896 
    Clustering |   45,50 |   46,21 |   45,68 |   43,56 |   43,39 |   41,09 |   43,56 |   42,86 |   43,39 |    42,15 |   43,74 | 0,156 
 DecisionTable |    null |    null |    null |    null |    null |   70,37 |    null |    null |    null |    73,37 |   14,37 | 0,116 
           END |   95,06 |   94,36 |   92,42 |   94,71 |   95,77 |   91,01 |   96,12 |   93,47 |   94,18 |    95,41 |   94,25 | 0,914 
           IBk |   51,85 |   53,09 |   49,91 |   51,68 |   54,14 |   50,62 |   50,62 |   55,38 |   54,14 |    53,09 |   52,45 | 0,287 
           J48 |   94,36 |   92,59 |   91,18 |   92,42 |   92,24 |   92,06 |   91,53 |   94,89 |   95,06 |    94,53 |   93,09 | 0,896 
    LogitBoost |   51,15 |   53,09 |   55,73 |   58,20 |   56,44 |   56,61 |   58,55 |   54,32 |   57,85 |    54,32 |   55,63 | 0,334 
    NaiveBayes |   44,62 |   42,50 |   49,74 |   44,97 |   44,62 |   46,56 |   45,86 |   46,03 |   45,15 |    46,56 |   45,66 | 0,185 
    Regression |   92,95 |   92,24 |   92,95 |   89,95 |   90,48 |   91,36 |   91,71 |   91,36 |   89,77 |    91,36 |   91,41 | 0,871 
RotationForest |   96,83 |   95,94 |   98,06 |   98,24 |   98,06 |   97,35 |   97,71 |   97,00 |   97,88 |    98,41 |   97,55 | 0,963 
           SMO |   46,74 |   51,50 |   53,79 |   49,74 |   49,91 |   51,68 |   50,62 |   53,09 |   47,62 |    51,15 |   50,58 | 0,259 


    Classifier | Correct #0 | Correct #1 | Correct #2 | Correct #3 
---------------+------------+------------+------------+------------
       Bagging |      89,47 |      93,37 |      93,19 |      93,07 
    Clustering |      38,54 |      43,88 |      39,15 |      43,74 
 DecisionTable |      58,87 |      42,40 |      63,74 |      14,37 
           END |      91,80 |      95,22 |      94,97 |      94,25 
           IBk |      52,08 |      53,76 |      51,31 |      52,45 
           J48 |      91,68 |      93,23 |      93,62 |      93,09 
    LogitBoost |      54,18 |      56,81 |      60,79 |      55,63 
    NaiveBayes |      42,15 |      44,22 |      43,19 |      45,66 
    Regression |      85,07 |      90,26 |      90,48 |      91,41 
RotationForest |      95,91 |      97,43 |      97,87 |      97,55 
           SMO |      46,83 |      50,25 |      53,72 |      50,58 
