Bagging [[3090.0, 0.0, 0.0, 0.0], [0.0, 0.0, 0.0, 0.0], [0.0, 0.0, 0.0, 0.0], [0.0, 0.0, 0.0, 0.0]]
Clustering [[2132.0, 0.0, 0.0, 0.0], [0.0, 0.0, 0.0, 0.0], [0.0, 0.0, 0.0, 0.0], [0.0, 0.0, 0.0, 0.0]]
DecisionTable [[3090.0, 0.0, 0.0, 0.0], [0.0, 0.0, 0.0, 0.0], [0.0, 0.0, 0.0, 0.0], [0.0, 0.0, 0.0, 0.0]]
END [[3090.0, 0.0, 0.0, 0.0], [0.0, 0.0, 0.0, 0.0], [0.0, 0.0, 0.0, 0.0], [0.0, 0.0, 0.0, 0.0]]
IBk [[3090.0, 0.0, 0.0, 0.0], [0.0, 0.0, 0.0, 0.0], [0.0, 0.0, 0.0, 0.0], [0.0, 0.0, 0.0, 0.0]]
J48 [[3090.0, 0.0, 0.0, 0.0], [0.0, 0.0, 0.0, 0.0], [0.0, 0.0, 0.0, 0.0], [0.0, 0.0, 0.0, 0.0]]
LogitBoost [[3090.0, 0.0, 0.0, 0.0], [0.0, 0.0, 0.0, 0.0], [0.0, 0.0, 0.0, 0.0], [0.0, 0.0, 0.0, 0.0]]
NaiveBayes [[3090.0, 0.0, 0.0, 0.0], [0.0, 0.0, 0.0, 0.0], [0.0, 0.0, 0.0, 0.0], [0.0, 0.0, 0.0, 0.0]]
Regression [[3090.0, 0.0, 0.0, 0.0], [0.0, 0.0, 0.0, 0.0], [0.0, 0.0, 0.0, 0.0], [0.0, 0.0, 0.0, 0.0]]
RotationForest [[3090.0, 0.0, 0.0, 0.0], [0.0, 0.0, 0.0, 0.0], [0.0, 0.0, 0.0, 0.0], [0.0, 0.0, 0.0, 0.0]]
SMO [[3090.0, 0.0, 0.0, 0.0], [0.0, 0.0, 0.0, 0.0], [0.0, 0.0, 0.0, 0.0], [0.0, 0.0, 0.0, 0.0]]
    Classifier | Test #1 | Test #2 | Test #3 | Test #4 | Test #5 | Test #6 | Test #7 | Test #8 | Test #9 | Test #10 | Correct | Kappa 
---------------+---------+---------+---------+---------+---------+---------+---------+---------+---------+----------+---------+-------
       Bagging |  100,00 |  100,00 |  100,00 |  100,00 |  100,00 |  100,00 |  100,00 |  100,00 |  100,00 |   100,00 |  100,00 | 1,000 
    Clustering |  100,00 |  100,00 |  100,00 |  100,00 |  100,00 |  100,00 |  100,00 |  100,00 |  100,00 |   100,00 |  100,00 | 1,000 
 DecisionTable |  100,00 |  100,00 |  100,00 |  100,00 |  100,00 |  100,00 |  100,00 |  100,00 |  100,00 |   100,00 |  100,00 | 1,000 
           END |  100,00 |  100,00 |  100,00 |  100,00 |  100,00 |  100,00 |  100,00 |  100,00 |  100,00 |   100,00 |  100,00 | 1,000 
           IBk |  100,00 |  100,00 |  100,00 |  100,00 |  100,00 |  100,00 |  100,00 |  100,00 |  100,00 |   100,00 |  100,00 | 1,000 
           J48 |  100,00 |  100,00 |  100,00 |  100,00 |  100,00 |  100,00 |  100,00 |  100,00 |  100,00 |   100,00 |  100,00 | 1,000 
    LogitBoost |  100,00 |  100,00 |  100,00 |  100,00 |  100,00 |  100,00 |  100,00 |  100,00 |  100,00 |   100,00 |  100,00 | 1,000 
    NaiveBayes |  100,00 |  100,00 |  100,00 |  100,00 |  100,00 |  100,00 |  100,00 |  100,00 |  100,00 |   100,00 |  100,00 | 1,000 
    Regression |  100,00 |  100,00 |  100,00 |  100,00 |  100,00 |  100,00 |  100,00 |  100,00 |  100,00 |   100,00 |  100,00 | 1,000 
RotationForest |  100,00 |  100,00 |  100,00 |  100,00 |  100,00 |  100,00 |  100,00 |  100,00 |  100,00 |   100,00 |  100,00 | 1,000 
           SMO |  100,00 |  100,00 |  100,00 |  100,00 |  100,00 |  100,00 |  100,00 |  100,00 |  100,00 |   100,00 |  100,00 | 1,000 


Bagging [[3090.0, 0.0, 0.0, 0.0], [0.0, 0.0, 0.0, 0.0], [0.0, 0.0, 0.0, 0.0], [0.0, 0.0, 0.0, 0.0]]
Clustering [[2203.0, 0.0, 0.0, 0.0], [0.0, 0.0, 0.0, 0.0], [0.0, 0.0, 0.0, 0.0], [0.0, 0.0, 0.0, 0.0]]
DecisionTable [[3090.0, 0.0, 0.0, 0.0], [0.0, 0.0, 0.0, 0.0], [0.0, 0.0, 0.0, 0.0], [0.0, 0.0, 0.0, 0.0]]
END [[3090.0, 0.0, 0.0, 0.0], [0.0, 0.0, 0.0, 0.0], [0.0, 0.0, 0.0, 0.0], [0.0, 0.0, 0.0, 0.0]]
IBk [[3090.0, 0.0, 0.0, 0.0], [0.0, 0.0, 0.0, 0.0], [0.0, 0.0, 0.0, 0.0], [0.0, 0.0, 0.0, 0.0]]
J48 [[3090.0, 0.0, 0.0, 0.0], [0.0, 0.0, 0.0, 0.0], [0.0, 0.0, 0.0, 0.0], [0.0, 0.0, 0.0, 0.0]]
LogitBoost [[3090.0, 0.0, 0.0, 0.0], [0.0, 0.0, 0.0, 0.0], [0.0, 0.0, 0.0, 0.0], [0.0, 0.0, 0.0, 0.0]]
NaiveBayes [[3090.0, 0.0, 0.0, 0.0], [0.0, 0.0, 0.0, 0.0], [0.0, 0.0, 0.0, 0.0], [0.0, 0.0, 0.0, 0.0]]
Regression [[3090.0, 0.0, 0.0, 0.0], [0.0, 0.0, 0.0, 0.0], [0.0, 0.0, 0.0, 0.0], [0.0, 0.0, 0.0, 0.0]]
RotationForest [[3090.0, 0.0, 0.0, 0.0], [0.0, 0.0, 0.0, 0.0], [0.0, 0.0, 0.0, 0.0], [0.0, 0.0, 0.0, 0.0]]
SMO [[3090.0, 0.0, 0.0, 0.0], [0.0, 0.0, 0.0, 0.0], [0.0, 0.0, 0.0, 0.0], [0.0, 0.0, 0.0, 0.0]]
    Classifier | Test #1 | Test #2 | Test #3 | Test #4 | Test #5 | Test #6 | Test #7 | Test #8 | Test #9 | Test #10 | Correct | Kappa 
---------------+---------+---------+---------+---------+---------+---------+---------+---------+---------+----------+---------+-------
       Bagging |  100,00 |  100,00 |  100,00 |  100,00 |  100,00 |  100,00 |  100,00 |  100,00 |  100,00 |   100,00 |  100,00 | 1,000 
    Clustering |  100,00 |  100,00 |  100,00 |  100,00 |  100,00 |  100,00 |  100,00 |  100,00 |  100,00 |   100,00 |  100,00 | 1,000 
 DecisionTable |  100,00 |  100,00 |  100,00 |  100,00 |  100,00 |  100,00 |  100,00 |  100,00 |  100,00 |   100,00 |  100,00 | 1,000 
           END |  100,00 |  100,00 |  100,00 |  100,00 |  100,00 |  100,00 |  100,00 |  100,00 |  100,00 |   100,00 |  100,00 | 1,000 
           IBk |  100,00 |  100,00 |  100,00 |  100,00 |  100,00 |  100,00 |  100,00 |  100,00 |  100,00 |   100,00 |  100,00 | 1,000 
           J48 |  100,00 |  100,00 |  100,00 |  100,00 |  100,00 |  100,00 |  100,00 |  100,00 |  100,00 |   100,00 |  100,00 | 1,000 
    LogitBoost |  100,00 |  100,00 |  100,00 |  100,00 |  100,00 |  100,00 |  100,00 |  100,00 |  100,00 |   100,00 |  100,00 | 1,000 
    NaiveBayes |  100,00 |  100,00 |  100,00 |  100,00 |  100,00 |  100,00 |  100,00 |  100,00 |  100,00 |   100,00 |  100,00 | 1,000 
    Regression |  100,00 |  100,00 |  100,00 |  100,00 |  100,00 |  100,00 |  100,00 |  100,00 |  100,00 |   100,00 |  100,00 | 1,000 
RotationForest |  100,00 |  100,00 |  100,00 |  100,00 |  100,00 |  100,00 |  100,00 |  100,00 |  100,00 |   100,00 |  100,00 | 1,000 
           SMO |  100,00 |  100,00 |  100,00 |  100,00 |  100,00 |  100,00 |  100,00 |  100,00 |  100,00 |   100,00 |  100,00 | 1,000 


Bagging [[3090.0, 0.0, 0.0, 0.0], [0.0, 0.0, 0.0, 0.0], [0.0, 0.0, 0.0, 0.0], [0.0, 0.0, 0.0, 0.0]]
Clustering [[2397.0, 0.0, 0.0, 0.0], [0.0, 0.0, 0.0, 0.0], [0.0, 0.0, 0.0, 0.0], [0.0, 0.0, 0.0, 0.0]]
DecisionTable [[3090.0, 0.0, 0.0, 0.0], [0.0, 0.0, 0.0, 0.0], [0.0, 0.0, 0.0, 0.0], [0.0, 0.0, 0.0, 0.0]]
END [[3090.0, 0.0, 0.0, 0.0], [0.0, 0.0, 0.0, 0.0], [0.0, 0.0, 0.0, 0.0], [0.0, 0.0, 0.0, 0.0]]
IBk [[3090.0, 0.0, 0.0, 0.0], [0.0, 0.0, 0.0, 0.0], [0.0, 0.0, 0.0, 0.0], [0.0, 0.0, 0.0, 0.0]]
J48 [[3090.0, 0.0, 0.0, 0.0], [0.0, 0.0, 0.0, 0.0], [0.0, 0.0, 0.0, 0.0], [0.0, 0.0, 0.0, 0.0]]
LogitBoost [[3090.0, 0.0, 0.0, 0.0], [0.0, 0.0, 0.0, 0.0], [0.0, 0.0, 0.0, 0.0], [0.0, 0.0, 0.0, 0.0]]
NaiveBayes [[3090.0, 0.0, 0.0, 0.0], [0.0, 0.0, 0.0, 0.0], [0.0, 0.0, 0.0, 0.0], [0.0, 0.0, 0.0, 0.0]]
Regression [[3090.0, 0.0, 0.0, 0.0], [0.0, 0.0, 0.0, 0.0], [0.0, 0.0, 0.0, 0.0], [0.0, 0.0, 0.0, 0.0]]
RotationForest [[3090.0, 0.0, 0.0, 0.0], [0.0, 0.0, 0.0, 0.0], [0.0, 0.0, 0.0, 0.0], [0.0, 0.0, 0.0, 0.0]]
SMO [[3090.0, 0.0, 0.0, 0.0], [0.0, 0.0, 0.0, 0.0], [0.0, 0.0, 0.0, 0.0], [0.0, 0.0, 0.0, 0.0]]
    Classifier | Test #1 | Test #2 | Test #3 | Test #4 | Test #5 | Test #6 | Test #7 | Test #8 | Test #9 | Test #10 | Correct | Kappa 
---------------+---------+---------+---------+---------+---------+---------+---------+---------+---------+----------+---------+-------
       Bagging |  100,00 |  100,00 |  100,00 |  100,00 |  100,00 |  100,00 |  100,00 |  100,00 |  100,00 |   100,00 |  100,00 | 1,000 
    Clustering |  100,00 |  100,00 |  100,00 |  100,00 |  100,00 |  100,00 |  100,00 |  100,00 |  100,00 |   100,00 |  100,00 | 1,000 
 DecisionTable |  100,00 |  100,00 |  100,00 |  100,00 |  100,00 |  100,00 |  100,00 |  100,00 |  100,00 |   100,00 |  100,00 | 1,000 
           END |  100,00 |  100,00 |  100,00 |  100,00 |  100,00 |  100,00 |  100,00 |  100,00 |  100,00 |   100,00 |  100,00 | 1,000 
           IBk |  100,00 |  100,00 |  100,00 |  100,00 |  100,00 |  100,00 |  100,00 |  100,00 |  100,00 |   100,00 |  100,00 | 1,000 
           J48 |  100,00 |  100,00 |  100,00 |  100,00 |  100,00 |  100,00 |  100,00 |  100,00 |  100,00 |   100,00 |  100,00 | 1,000 
    LogitBoost |  100,00 |  100,00 |  100,00 |  100,00 |  100,00 |  100,00 |  100,00 |  100,00 |  100,00 |   100,00 |  100,00 | 1,000 
    NaiveBayes |  100,00 |  100,00 |  100,00 |  100,00 |  100,00 |  100,00 |  100,00 |  100,00 |  100,00 |   100,00 |  100,00 | 1,000 
    Regression |  100,00 |  100,00 |  100,00 |  100,00 |  100,00 |  100,00 |  100,00 |  100,00 |  100,00 |   100,00 |  100,00 | 1,000 
RotationForest |  100,00 |  100,00 |  100,00 |  100,00 |  100,00 |  100,00 |  100,00 |  100,00 |  100,00 |   100,00 |  100,00 | 1,000 
           SMO |  100,00 |  100,00 |  100,00 |  100,00 |  100,00 |  100,00 |  100,00 |  100,00 |  100,00 |   100,00 |  100,00 | 1,000 


Bagging [[3090.0, 0.0, 0.0, 0.0], [0.0, 0.0, 0.0, 0.0], [0.0, 0.0, 0.0, 0.0], [0.0, 0.0, 0.0, 0.0]]
Clustering [[1746.0, 0.0, 0.0, 0.0], [0.0, 0.0, 0.0, 0.0], [0.0, 0.0, 0.0, 0.0], [0.0, 0.0, 0.0, 0.0]]
DecisionTable [[3090.0, 0.0, 0.0, 0.0], [0.0, 0.0, 0.0, 0.0], [0.0, 0.0, 0.0, 0.0], [0.0, 0.0, 0.0, 0.0]]
END [[3090.0, 0.0, 0.0, 0.0], [0.0, 0.0, 0.0, 0.0], [0.0, 0.0, 0.0, 0.0], [0.0, 0.0, 0.0, 0.0]]
IBk [[3090.0, 0.0, 0.0, 0.0], [0.0, 0.0, 0.0, 0.0], [0.0, 0.0, 0.0, 0.0], [0.0, 0.0, 0.0, 0.0]]
J48 [[3090.0, 0.0, 0.0, 0.0], [0.0, 0.0, 0.0, 0.0], [0.0, 0.0, 0.0, 0.0], [0.0, 0.0, 0.0, 0.0]]
LogitBoost [[3090.0, 0.0, 0.0, 0.0], [0.0, 0.0, 0.0, 0.0], [0.0, 0.0, 0.0, 0.0], [0.0, 0.0, 0.0, 0.0]]
NaiveBayes [[3090.0, 0.0, 0.0, 0.0], [0.0, 0.0, 0.0, 0.0], [0.0, 0.0, 0.0, 0.0], [0.0, 0.0, 0.0, 0.0]]
Regression [[3090.0, 0.0, 0.0, 0.0], [0.0, 0.0, 0.0, 0.0], [0.0, 0.0, 0.0, 0.0], [0.0, 0.0, 0.0, 0.0]]
RotationForest [[3090.0, 0.0, 0.0, 0.0], [0.0, 0.0, 0.0, 0.0], [0.0, 0.0, 0.0, 0.0], [0.0, 0.0, 0.0, 0.0]]
SMO [[3090.0, 0.0, 0.0, 0.0], [0.0, 0.0, 0.0, 0.0], [0.0, 0.0, 0.0, 0.0], [0.0, 0.0, 0.0, 0.0]]
    Classifier | Test #1 | Test #2 | Test #3 | Test #4 | Test #5 | Test #6 | Test #7 | Test #8 | Test #9 | Test #10 | Correct | Kappa 
---------------+---------+---------+---------+---------+---------+---------+---------+---------+---------+----------+---------+-------
       Bagging |  100,00 |  100,00 |  100,00 |  100,00 |  100,00 |  100,00 |  100,00 |  100,00 |  100,00 |   100,00 |  100,00 | 1,000 
    Clustering |  100,00 |  100,00 |  100,00 |  100,00 |  100,00 |  100,00 |  100,00 |  100,00 |  100,00 |   100,00 |  100,00 | 1,000 
 DecisionTable |  100,00 |  100,00 |  100,00 |  100,00 |  100,00 |  100,00 |  100,00 |  100,00 |  100,00 |   100,00 |  100,00 | 1,000 
           END |  100,00 |  100,00 |  100,00 |  100,00 |  100,00 |  100,00 |  100,00 |  100,00 |  100,00 |   100,00 |  100,00 | 1,000 
           IBk |  100,00 |  100,00 |  100,00 |  100,00 |  100,00 |  100,00 |  100,00 |  100,00 |  100,00 |   100,00 |  100,00 | 1,000 
           J48 |  100,00 |  100,00 |  100,00 |  100,00 |  100,00 |  100,00 |  100,00 |  100,00 |  100,00 |   100,00 |  100,00 | 1,000 
    LogitBoost |  100,00 |  100,00 |  100,00 |  100,00 |  100,00 |  100,00 |  100,00 |  100,00 |  100,00 |   100,00 |  100,00 | 1,000 
    NaiveBayes |  100,00 |  100,00 |  100,00 |  100,00 |  100,00 |  100,00 |  100,00 |  100,00 |  100,00 |   100,00 |  100,00 | 1,000 
    Regression |  100,00 |  100,00 |  100,00 |  100,00 |  100,00 |  100,00 |  100,00 |  100,00 |  100,00 |   100,00 |  100,00 | 1,000 
RotationForest |  100,00 |  100,00 |  100,00 |  100,00 |  100,00 |  100,00 |  100,00 |  100,00 |  100,00 |   100,00 |  100,00 | 1,000 
           SMO |  100,00 |  100,00 |  100,00 |  100,00 |  100,00 |  100,00 |  100,00 |  100,00 |  100,00 |   100,00 |  100,00 | 1,000 


    Classifier | Correct #0 | Correct #1 | Correct #2 | Correct #3 
---------------+------------+------------+------------+------------
       Bagging |     100,00 |     100,00 |     100,00 |     100,00 
    Clustering |     100,00 |     100,00 |     100,00 |     100,00 
 DecisionTable |     100,00 |     100,00 |     100,00 |     100,00 
           END |     100,00 |     100,00 |     100,00 |     100,00 
           IBk |     100,00 |     100,00 |     100,00 |     100,00 
           J48 |     100,00 |     100,00 |     100,00 |     100,00 
    LogitBoost |     100,00 |     100,00 |     100,00 |     100,00 
    NaiveBayes |     100,00 |     100,00 |     100,00 |     100,00 
    Regression |     100,00 |     100,00 |     100,00 |     100,00 
RotationForest |     100,00 |     100,00 |     100,00 |     100,00 
           SMO |     100,00 |     100,00 |     100,00 |     100,00 
