Bagging [[37.0, 460.0, 23.0], [63.0, 2018.0, 49.0], [25.0, 331.0, 24.0]]
Clustering [[87.0, 433.0, 0.0], [723.0, 1407.0, 0.0], [45.0, 335.0, 0.0]]
DecisionTable [[0.0, 520.0, 0.0], [0.0, 2130.0, 0.0], [0.0, 380.0, 0.0]]
END [[0.0, 520.0, 0.0], [9.0, 2121.0, 0.0], [2.0, 378.0, 0.0]]
IBk [[9.0, 491.0, 20.0], [23.0, 2092.0, 15.0], [12.0, 353.0, 15.0]]
J48 [[6.0, 511.0, 3.0], [14.0, 2109.0, 7.0], [5.0, 374.0, 1.0]]
LogitBoost [[0.0, 515.0, 5.0], [5.0, 2114.0, 11.0], [5.0, 370.0, 5.0]]
NaiveBayes [[127.0, 218.0, 175.0], [374.0, 1407.0, 349.0], [106.0, 158.0, 116.0]]
Regression [[0.0, 520.0, 0.0], [0.0, 2130.0, 0.0], [0.0, 380.0, 0.0]]
RotationForest [[0.0, 517.0, 3.0], [1.0, 2129.0, 0.0], [0.0, 380.0, 0.0]]
SMO [[0.0, 520.0, 0.0], [0.0, 2130.0, 0.0], [0.0, 380.0, 0.0]]
    Classifier | Test #1 | Test #2 | Test #3 | Test #4 | Test #5 | Test #6 | Test #7 | Test #8 | Test #9 | Test #10 | Correct |  Kappa 
---------------+---------+---------+---------+---------+---------+---------+---------+---------+---------+----------+---------+--------
       Bagging |   67,66 |   65,68 |   67,99 |   70,30 |   69,97 |   71,95 |   69,31 |   67,00 |   68,65 |    67,66 |   68,61 |  0,070 
    Clustering |   49,83 |   48,84 |   52,48 |   46,20 |   46,53 |   47,85 |   47,52 |   49,83 |   51,82 |    52,15 |   49,31 | -0,134 
 DecisionTable |   70,30 |   70,30 |   70,30 |   70,30 |   70,30 |   70,30 |   70,30 |   70,30 |   70,30 |    70,30 |   70,30 |  0,000 
           END |   70,30 |   70,30 |   69,97 |   68,98 |   69,64 |   70,30 |   70,30 |   69,64 |   70,30 |    70,30 |   70,00 | -0,003 
           IBk |   69,64 |   70,30 |   70,63 |   70,30 |   69,31 |   69,97 |   68,98 |   69,64 |   70,30 |    69,31 |   69,83 |  0,040 
           J48 |   70,30 |   70,30 |   70,30 |   70,30 |   70,30 |   69,64 |   70,30 |   70,30 |   66,34 |    70,30 |   69,83 |  0,005 
    LogitBoost |   70,30 |   70,30 |   69,97 |   69,64 |   70,30 |   70,30 |   70,30 |   69,64 |   69,31 |    69,31 |   69,93 |  0,007 
    NaiveBayes |   57,43 |   57,43 |   51,82 |   52,48 |   53,14 |   54,46 |   54,46 |   55,78 |   48,51 |    59,08 |   54,46 |  0,134 
    Regression |   70,30 |   70,30 |   70,30 |   70,30 |   70,30 |   70,30 |   70,30 |   70,30 |   70,30 |    70,30 |   70,30 |  0,000 
RotationForest |   70,30 |   70,30 |   70,30 |   70,30 |   70,30 |   70,30 |   70,30 |   70,30 |   69,97 |    70,30 |   70,26 |  0,001 
           SMO |   70,30 |   70,30 |   70,30 |   70,30 |   70,30 |   70,30 |   70,30 |   70,30 |   70,30 |    70,30 |   70,30 |  0,000 


Bagging [[23.0, 478.0, 19.0], [57.0, 2038.0, 35.0], [22.0, 346.0, 12.0]]
Clustering [[87.0, 433.0, 0.0], [691.0, 1439.0, 0.0], [61.0, 319.0, 0.0]]
DecisionTable [[1.0, 515.0, 4.0], [5.0, 2107.0, 18.0], [1.0, 374.0, 5.0]]
END [[24.0, 488.0, 8.0], [69.0, 2036.0, 25.0], [23.0, 346.0, 11.0]]
IBk [[11.0, 509.0, 0.0], [29.0, 2096.0, 5.0], [8.0, 371.0, 1.0]]
J48 [[52.0, 420.0, 48.0], [178.0, 1816.0, 136.0], [61.0, 283.0, 36.0]]
LogitBoost [[19.0, 476.0, 25.0], [34.0, 2062.0, 34.0], [12.0, 347.0, 21.0]]
NaiveBayes [[139.0, 112.0, 269.0], [577.0, 824.0, 729.0], [121.0, 50.0, 209.0]]
Regression [[10.0, 500.0, 10.0], [14.0, 2104.0, 12.0], [9.0, 362.0, 9.0]]
RotationForest [[29.0, 483.0, 8.0], [63.0, 2038.0, 29.0], [22.0, 350.0, 8.0]]
SMO [[0.0, 520.0, 0.0], [0.0, 2130.0, 0.0], [0.0, 380.0, 0.0]]
    Classifier | Test #1 | Test #2 | Test #3 | Test #4 | Test #5 | Test #6 | Test #7 | Test #8 | Test #9 | Test #10 | Correct |  Kappa 
---------------+---------+---------+---------+---------+---------+---------+---------+---------+---------+----------+---------+--------
       Bagging |   68,98 |   68,65 |   69,31 |   67,99 |   68,98 |   68,65 |   67,99 |   67,00 |   68,98 |    67,66 |   68,42 |  0,035 
    Clustering |   49,17 |   48,51 |   45,87 |   48,51 |   52,81 |   51,82 |   52,15 |   53,47 |   48,18 |    53,14 |   50,36 | -0,117 
 DecisionTable |   70,30 |   70,30 |   69,97 |   70,30 |   70,30 |   70,30 |   70,30 |   65,02 |   70,30 |    70,30 |   69,74 |  0,002 
           END |   67,33 |   67,66 |   70,30 |   68,65 |   65,35 |   68,98 |   69,31 |   68,32 |   68,65 |    68,98 |   68,35 |  0,027 
           IBk |   69,97 |   70,30 |   70,30 |   69,31 |   69,64 |   69,31 |   68,65 |   70,30 |   69,64 |    68,32 |   69,57 |  0,007 
           J48 |   65,02 |   59,41 |   62,71 |   62,38 |   61,39 |   68,65 |   62,38 |   63,70 |   60,73 |    62,05 |   62,84 |  0,046 
    LogitBoost |   69,97 |   69,97 |   68,65 |   68,98 |   69,31 |   68,98 |   68,98 |   69,97 |   70,30 |    68,65 |   69,37 |  0,053 
    NaiveBayes |   38,94 |   39,27 |   36,96 |   40,59 |   41,58 |   38,28 |   40,59 |   35,97 |   38,61 |    35,97 |   38,68 |  0,090 
    Regression |   70,30 |   70,30 |   70,63 |   70,30 |   70,30 |   70,30 |   68,98 |   69,64 |   69,31 |    70,63 |   70,07 |  0,030 
RotationForest |   67,99 |   68,65 |   69,97 |   68,65 |   69,64 |   68,32 |   69,64 |   65,68 |   67,66 |    68,65 |   68,48 |  0,032 
           SMO |   70,30 |   70,30 |   70,30 |   70,30 |   70,30 |   70,30 |   70,30 |   70,30 |   70,30 |    70,30 |   70,30 |  0,000 


Bagging [[64.0, 445.0, 11.0], [61.0, 2049.0, 20.0], [36.0, 328.0, 16.0]]
Clustering [[74.0, 446.0, 0.0], [507.0, 1623.0, 0.0], [29.0, 351.0, 0.0]]
DecisionTable [[0.0, 520.0, 0.0], [0.0, 2130.0, 0.0], [0.0, 380.0, 0.0]]
END [[148.0, 332.0, 40.0], [210.0, 1768.0, 152.0], [77.0, 255.0, 48.0]]
IBk [[14.0, 506.0, 0.0], [3.0, 2126.0, 1.0], [8.0, 372.0, 0.0]]
J48 [[144.0, 303.0, 73.0], [293.0, 1635.0, 202.0], [71.0, 249.0, 60.0]]
LogitBoost [[62.0, 448.0, 10.0], [51.0, 2056.0, 23.0], [18.0, 350.0, 12.0]]
NaiveBayes [[94.0, 120.0, 306.0], [421.0, 645.0, 1064.0], [61.0, 69.0, 250.0]]
Regression [[109.0, 391.0, 20.0], [110.0, 1978.0, 42.0], [43.0, 309.0, 28.0]]
RotationForest [[87.0, 409.0, 24.0], [77.0, 2014.0, 39.0], [24.0, 334.0, 22.0]]
SMO [[0.0, 520.0, 0.0], [0.0, 2130.0, 0.0], [0.0, 380.0, 0.0]]
    Classifier | Test #1 | Test #2 | Test #3 | Test #4 | Test #5 | Test #6 | Test #7 | Test #8 | Test #9 | Test #10 | Correct |  Kappa 
---------------+---------+---------+---------+---------+---------+---------+---------+---------+---------+----------+---------+--------
       Bagging |   68,98 |   71,62 |   68,98 |   68,98 |   70,30 |   72,61 |   69,97 |   69,31 |   70,30 |    71,62 |   70,26 |  0,110 
    Clustering |   54,79 |   55,45 |   57,10 |   52,81 |   56,11 |   58,75 |   56,11 |   54,46 |   55,12 |    59,41 |   56,01 | -0,089 
 DecisionTable |   70,30 |   70,30 |   70,30 |   70,30 |   70,30 |   70,30 |   70,30 |   70,30 |   70,30 |    70,30 |   70,30 |  0,000 
           END |   68,32 |   61,39 |   61,72 |   64,69 |   67,00 |   68,98 |   63,37 |   61,72 |   68,32 |    62,71 |   64,82 |  0,161 
           IBk |   69,97 |   70,30 |   70,30 |   71,29 |   70,96 |   70,96 |   70,30 |   70,63 |   70,96 |    70,63 |   70,63 |  0,026 
           J48 |   62,38 |   60,40 |   61,06 |   60,07 |   61,39 |   61,06 |   63,37 |   57,10 |   59,08 |    61,06 |   60,69 |  0,125 
    LogitBoost |   69,64 |   72,28 |   68,65 |   71,62 |   69,97 |   70,30 |   69,97 |   70,96 |   68,98 |    70,63 |   70,30 |  0,096 
    NaiveBayes |   33,66 |   33,00 |   30,03 |   29,70 |   31,02 |   34,65 |   31,68 |   34,98 |   35,64 |    32,01 |   32,64 |  0,047 
    Regression |   69,64 |   68,65 |   73,60 |   68,65 |   70,30 |   69,97 |   67,66 |   68,32 |   70,96 |    70,30 |   69,80 |  0,161 
RotationForest |   70,63 |   70,96 |   71,62 |   70,63 |   70,63 |   71,95 |   67,33 |   67,00 |   69,31 |    70,63 |   70,07 |  0,135 
           SMO |   70,30 |   70,30 |   70,30 |   70,30 |   70,30 |   70,30 |   70,30 |   70,30 |   70,30 |    70,30 |   70,30 |  0,000 


Bagging [[27.0, 480.0, 13.0], [42.0, 2065.0, 23.0], [29.0, 345.0, 6.0]]
Clustering [[256.0, 264.0, 0.0], [1054.0, 1076.0, 0.0], [186.0, 194.0, 0.0]]
DecisionTable [[0.0, 520.0, 0.0], [1.0, 2128.0, 1.0], [0.0, 380.0, 0.0]]
END [[38.0, 447.0, 35.0], [102.0, 1972.0, 56.0], [25.0, 332.0, 23.0]]
IBk [[6.0, 514.0, 0.0], [16.0, 2114.0, 0.0], [8.0, 372.0, 0.0]]
J48 [[86.0, 358.0, 76.0], [255.0, 1683.0, 192.0], [61.0, 285.0, 34.0]]
LogitBoost [[26.0, 479.0, 15.0], [57.0, 2043.0, 30.0], [18.0, 349.0, 13.0]]
NaiveBayes [[67.0, 126.0, 327.0], [359.0, 856.0, 915.0], [64.0, 69.0, 247.0]]
Regression [[30.0, 474.0, 16.0], [51.0, 2054.0, 25.0], [19.0, 344.0, 17.0]]
RotationForest [[32.0, 461.0, 27.0], [59.0, 2036.0, 35.0], [35.0, 331.0, 14.0]]
SMO [[0.0, 520.0, 0.0], [0.0, 2130.0, 0.0], [0.0, 380.0, 0.0]]
    Classifier | Test #1 | Test #2 | Test #3 | Test #4 | Test #5 | Test #6 | Test #7 | Test #8 | Test #9 | Test #10 | Correct |  Kappa 
---------------+---------+---------+---------+---------+---------+---------+---------+---------+---------+----------+---------+--------
       Bagging |   70,96 |   68,98 |   70,30 |   68,32 |   68,65 |   69,31 |   67,66 |   69,97 |   70,30 |    67,99 |   69,24 |  0,045 
    Clustering |   41,25 |   47,19 |   40,92 |   47,52 |   42,24 |   47,52 |   43,56 |   44,55 |   42,90 |    41,91 |   43,96 | -0,005 
 DecisionTable |   70,30 |   70,30 |   70,30 |   70,30 |   69,64 |   70,30 |   70,30 |   70,30 |   70,30 |    70,30 |   70,23 | -0,001 
           END |   69,31 |   67,99 |   67,99 |   67,00 |   65,35 |   66,34 |   69,97 |   66,67 |   67,00 |    63,37 |   67,10 |  0,054 
           IBk |   69,97 |   70,63 |   69,97 |   70,63 |   69,31 |   70,30 |   70,30 |   68,98 |   69,64 |    69,97 |   69,97 |  0,007 
           J48 |   58,75 |   59,74 |   61,72 |   64,03 |   59,74 |   57,76 |   59,74 |   64,36 |   54,79 |    54,46 |   59,50 |  0,046 
    LogitBoost |   67,99 |   69,97 |   70,30 |   67,99 |   69,31 |   68,65 |   68,98 |   66,34 |   69,31 |    68,32 |   68,71 |  0,039 
    NaiveBayes |   38,28 |   42,57 |   42,24 |   34,98 |   42,57 |   37,95 |   36,63 |   39,93 |   36,63 |    34,32 |   38,61 |  0,080 
    Regression |   70,63 |   70,63 |   65,35 |   67,99 |   69,64 |   70,30 |   68,65 |   70,63 |   68,98 |    70,63 |   69,34 |  0,058 
RotationForest |   70,30 |   68,32 |   69,97 |   69,64 |   68,32 |   67,66 |   69,31 |   68,98 |   66,67 |    67,99 |   68,71 |  0,062 
           SMO |   70,30 |   70,30 |   70,30 |   70,30 |   70,30 |   70,30 |   70,30 |   70,30 |   70,30 |    70,30 |   70,30 |  0,000 


    Classifier | Correct #0 | Correct #1 | Correct #2 | Correct #3 
---------------+------------+------------+------------+------------
       Bagging |      68,61 |      68,42 |      70,26 |      69,24 
    Clustering |      49,31 |      50,36 |      56,01 |      43,96 
 DecisionTable |      70,30 |      69,74 |      70,30 |      70,23 
           END |      70,00 |      68,35 |      64,82 |      67,10 
           IBk |      69,83 |      69,57 |      70,63 |      69,97 
           J48 |      69,83 |      62,84 |      60,69 |      59,50 
    LogitBoost |      69,93 |      69,37 |      70,30 |      68,71 
    NaiveBayes |      54,46 |      38,68 |      32,64 |      38,61 
    Regression |      70,30 |      70,07 |      69,80 |      69,34 
RotationForest |      70,26 |      68,48 |      70,07 |      68,71 
           SMO |      70,30 |      70,30 |      70,30 |      70,30 
