Bagging [[114.0, 131.0, 135.0], [82.0, 191.0, 107.0], [126.0, 98.0, 156.0]]
Clustering [[53.0, 103.0, 224.0], [45.0, 162.0, 173.0], [66.0, 66.0, 248.0]]
DecisionTable [[45.0, 110.0, 225.0], [28.0, 204.0, 148.0], [41.0, 106.0, 233.0]]
END [[195.0, 89.0, 96.0], [163.0, 154.0, 63.0], [218.0, 54.0, 108.0]]
IBk [[138.0, 101.0, 141.0], [113.0, 179.0, 88.0], [159.0, 89.0, 132.0]]
J48 [[115.0, 108.0, 157.0], [98.0, 161.0, 121.0], [122.0, 102.0, 156.0]]
LogitBoost [[110.0, 115.0, 155.0], [101.0, 183.0, 96.0], [140.0, 89.0, 151.0]]
NaiveBayes [[67.0, 79.0, 234.0], [53.0, 141.0, 186.0], [84.0, 60.0, 236.0]]
Regression [[59.0, 120.0, 201.0], [51.0, 203.0, 126.0], [77.0, 114.0, 189.0]]
RotationForest [[112.0, 146.0, 122.0], [88.0, 213.0, 79.0], [128.0, 128.0, 124.0]]
SMO [[109.0, 82.0, 189.0], [92.0, 170.0, 118.0], [134.0, 79.0, 167.0]]
    Classifier | Test #1 | Test #2 | Test #3 | Test #4 | Test #5 | Test #6 | Test #7 | Test #8 | Test #9 | Test #10 | Correct | Kappa 
---------------+---------+---------+---------+---------+---------+---------+---------+---------+---------+----------+---------+-------
       Bagging |   39,47 |   45,61 |   43,86 |   49,12 |   44,74 |   36,84 |   40,35 |   33,33 |   28,95 |    42,11 |   40,44 | 0,107 
    Clustering |   39,47 |   42,11 |   47,37 |   39,47 |   33,33 |   42,11 |   39,47 |   40,35 |   41,23 |    41,23 |   40,61 | 0,109 
 DecisionTable |   42,11 |   43,86 |   42,11 |   38,60 |   44,74 |   43,86 |   45,61 |   42,98 |   35,96 |    42,98 |   42,28 | 0,134 
           END |   39,47 |   36,84 |   41,23 |   39,47 |   43,86 |   41,23 |   46,49 |   36,84 |   39,47 |    35,96 |   40,09 | 0,101 
           IBk |   37,72 |   34,21 |   42,11 |   33,33 |   39,47 |   38,60 |   42,11 |   41,23 |   45,61 |    39,47 |   39,39 | 0,091 
           J48 |   49,12 |   37,72 |   34,21 |   38,60 |   35,96 |   35,09 |   31,58 |   38,60 |   42,98 |    35,09 |   37,89 | 0,068 
    LogitBoost |   36,84 |   30,70 |   42,11 |   32,46 |   41,23 |   41,23 |   46,49 |   35,09 |   43,86 |    39,47 |   38,95 | 0,084 
    NaiveBayes |   31,58 |   38,60 |   42,98 |   32,46 |   46,49 |   41,23 |   40,35 |   36,84 |   42,11 |    36,84 |   38,95 | 0,084 
    Regression |   44,74 |   41,23 |   35,96 |   37,72 |   40,35 |   42,11 |   36,84 |   43,86 |   38,60 |    34,21 |   39,56 | 0,093 
RotationForest |   45,61 |   37,72 |   41,23 |   41,23 |   37,72 |   38,60 |   38,60 |   35,96 |   43,86 |    33,33 |   39,39 | 0,091 
           SMO |   32,46 |   36,84 |   35,09 |   36,84 |   42,98 |   38,60 |   34,21 |   46,49 |   42,98 |    44,74 |   39,12 | 0,087 


Bagging [[101.0, 116.0, 163.0], [77.0, 199.0, 104.0], [126.0, 96.0, 158.0]]
Clustering [[57.0, 79.0, 244.0], [52.0, 134.0, 194.0], [58.0, 63.0, 259.0]]
DecisionTable [[32.0, 123.0, 225.0], [55.0, 198.0, 127.0], [35.0, 117.0, 228.0]]
END [[103.0, 100.0, 177.0], [106.0, 172.0, 102.0], [117.0, 93.0, 170.0]]
IBk [[130.0, 98.0, 152.0], [137.0, 139.0, 104.0], [156.0, 75.0, 149.0]]
J48 [[120.0, 128.0, 132.0], [105.0, 173.0, 102.0], [120.0, 124.0, 136.0]]
LogitBoost [[101.0, 132.0, 147.0], [105.0, 182.0, 93.0], [122.0, 104.0, 154.0]]
NaiveBayes [[53.0, 76.0, 251.0], [80.0, 131.0, 169.0], [82.0, 49.0, 249.0]]
Regression [[109.0, 106.0, 165.0], [76.0, 195.0, 109.0], [110.0, 85.0, 185.0]]
RotationForest [[130.0, 101.0, 149.0], [99.0, 185.0, 96.0], [118.0, 105.0, 157.0]]
SMO [[82.0, 98.0, 200.0], [79.0, 167.0, 134.0], [114.0, 47.0, 219.0]]
    Classifier | Test #1 | Test #2 | Test #3 | Test #4 | Test #5 | Test #6 | Test #7 | Test #8 | Test #9 | Test #10 | Correct | Kappa 
---------------+---------+---------+---------+---------+---------+---------+---------+---------+---------+----------+---------+-------
       Bagging |   42,11 |   41,23 |   42,98 |   36,84 |   33,33 |   38,60 |   48,25 |   35,96 |   41,23 |    41,23 |   40,18 | 0,103 
    Clustering |   39,47 |   40,35 |   35,96 |   39,47 |   35,09 |   43,86 |   42,98 |   41,23 |   39,47 |    36,84 |   39,47 | 0,092 
 DecisionTable |   47,37 |   43,86 |   41,23 |   38,60 |   33,33 |   42,11 |   41,23 |   33,33 |   42,11 |    38,60 |   40,18 | 0,103 
           END |   47,37 |   43,86 |   35,96 |   37,72 |   36,84 |   35,96 |   29,82 |   35,96 |   50,00 |    36,84 |   39,04 | 0,086 
           IBk |   30,70 |   38,60 |   37,72 |   31,58 |   47,37 |   35,96 |   35,09 |   31,58 |   38,60 |    39,47 |   36,67 | 0,050 
           J48 |   35,09 |   41,23 |   40,35 |   36,84 |   37,72 |   34,21 |   38,60 |   37,72 |   35,09 |    39,47 |   37,63 | 0,064 
    LogitBoost |   41,23 |   41,23 |   29,82 |   45,61 |   35,09 |   41,23 |   40,35 |   35,96 |   39,47 |    33,33 |   38,33 | 0,075 
    NaiveBayes |   35,96 |   44,74 |   35,09 |   38,60 |   42,98 |   36,84 |   40,35 |   33,33 |   33,33 |    38,60 |   37,98 | 0,070 
    Regression |   41,23 |   39,47 |   41,23 |   46,49 |   48,25 |   50,88 |   43,86 |   41,23 |   41,23 |    35,09 |   42,89 | 0,143 
RotationForest |   38,60 |   42,11 |   42,98 |   35,96 |   50,88 |   45,61 |   38,60 |   34,21 |   41,23 |    43,86 |   41,40 | 0,121 
           SMO |   42,98 |   37,72 |   41,23 |   41,23 |   35,96 |   44,74 |   41,23 |   34,21 |   44,74 |    46,49 |   41,05 | 0,116 


Bagging [[177.0, 94.0, 109.0], [90.0, 179.0, 111.0], [97.0, 99.0, 184.0]]
Clustering [[20.0, 69.0, 291.0], [20.0, 97.0, 263.0], [7.0, 38.0, 335.0]]
DecisionTable [[184.0, 80.0, 116.0], [89.0, 170.0, 121.0], [92.0, 95.0, 193.0]]
END [[146.0, 130.0, 104.0], [109.0, 146.0, 125.0], [124.0, 115.0, 141.0]]
IBk [[178.0, 76.0, 126.0], [105.0, 149.0, 126.0], [127.0, 74.0, 179.0]]
J48 [[169.0, 100.0, 111.0], [114.0, 151.0, 115.0], [113.0, 116.0, 151.0]]
LogitBoost [[196.0, 98.0, 86.0], [103.0, 163.0, 114.0], [110.0, 95.0, 175.0]]
NaiveBayes [[86.0, 75.0, 219.0], [96.0, 95.0, 189.0], [61.0, 48.0, 271.0]]
Regression [[187.0, 94.0, 99.0], [96.0, 174.0, 110.0], [108.0, 112.0, 160.0]]
RotationForest [[180.0, 87.0, 113.0], [88.0, 174.0, 118.0], [111.0, 106.0, 163.0]]
SMO [[191.0, 63.0, 126.0], [80.0, 177.0, 123.0], [105.0, 89.0, 186.0]]
    Classifier | Test #1 | Test #2 | Test #3 | Test #4 | Test #5 | Test #6 | Test #7 | Test #8 | Test #9 | Test #10 | Correct | Kappa 
---------------+---------+---------+---------+---------+---------+---------+---------+---------+---------+----------+---------+-------
       Bagging |   44,74 |   52,63 |   49,12 |   47,37 |   46,49 |   46,49 |   54,39 |   48,25 |   44,74 |    39,47 |   47,37 | 0,211 
    Clustering |   35,96 |   35,09 |   42,11 |   39,47 |   39,47 |   42,98 |   41,23 |   42,98 |   42,11 |    35,09 |   39,65 | 0,095 
 DecisionTable |   42,98 |   45,61 |   44,74 |   46,49 |   44,74 |   40,35 |   57,02 |   52,63 |   52,63 |    52,63 |   47,98 | 0,220 
           END |   39,47 |   33,33 |   42,11 |   30,70 |   30,70 |   42,11 |   45,61 |   39,47 |   40,35 |    35,96 |   37,98 | 0,070 
           IBk |   41,23 |   41,23 |   50,00 |   45,61 |   40,35 |   45,61 |   38,60 |   52,63 |   48,25 |    40,35 |   44,39 | 0,166 
           J48 |   32,46 |   34,21 |   46,49 |   38,60 |   52,63 |   43,86 |   38,60 |   44,74 |   47,37 |    34,21 |   41,32 | 0,120 
    LogitBoost |   42,11 |   42,11 |   53,51 |   52,63 |   49,12 |   44,74 |   45,61 |   42,11 |   50,88 |    45,61 |   46,84 | 0,203 
    NaiveBayes |   45,61 |   33,33 |   43,86 |   37,72 |   37,72 |   37,72 |   44,74 |   44,74 |   36,84 |    34,21 |   39,65 | 0,095 
    Regression |   49,12 |   43,86 |   44,74 |   46,49 |   41,23 |   53,51 |   50,00 |   42,11 |   42,98 |    42,98 |   45,70 | 0,186 
RotationForest |   45,61 |   38,60 |   45,61 |   44,74 |   52,63 |   43,86 |   38,60 |   50,00 |   45,61 |    48,25 |   45,35 | 0,180 
           SMO |   48,25 |   51,75 |   45,61 |   50,00 |   48,25 |   47,37 |   57,02 |   50,88 |   43,86 |    42,98 |   48,60 | 0,229 


Bagging [[101.0, 119.0, 160.0], [92.0, 181.0, 107.0], [113.0, 107.0, 160.0]]
Clustering [[70.0, 137.0, 173.0], [49.0, 196.0, 135.0], [73.0, 147.0, 160.0]]
DecisionTable [[67.0, 121.0, 192.0], [70.0, 170.0, 140.0], [89.0, 85.0, 206.0]]
END [[106.0, 110.0, 164.0], [79.0, 169.0, 132.0], [106.0, 104.0, 170.0]]
IBk [[140.0, 79.0, 161.0], [121.0, 143.0, 116.0], [172.0, 79.0, 129.0]]
J48 [[114.0, 102.0, 164.0], [113.0, 138.0, 129.0], [134.0, 105.0, 141.0]]
LogitBoost [[119.0, 119.0, 142.0], [96.0, 199.0, 85.0], [155.0, 86.0, 139.0]]
NaiveBayes [[62.0, 61.0, 257.0], [83.0, 144.0, 153.0], [75.0, 57.0, 248.0]]
Regression [[128.0, 112.0, 140.0], [92.0, 194.0, 94.0], [144.0, 93.0, 143.0]]
RotationForest [[135.0, 108.0, 137.0], [96.0, 190.0, 94.0], [124.0, 106.0, 150.0]]
SMO [[70.0, 89.0, 221.0], [60.0, 188.0, 132.0], [111.0, 61.0, 208.0]]
    Classifier | Test #1 | Test #2 | Test #3 | Test #4 | Test #5 | Test #6 | Test #7 | Test #8 | Test #9 | Test #10 | Correct | Kappa 
---------------+---------+---------+---------+---------+---------+---------+---------+---------+---------+----------+---------+-------
       Bagging |   42,98 |   37,72 |   41,23 |   41,23 |   36,84 |   39,47 |   38,60 |   35,96 |   43,86 |    29,82 |   38,77 | 0,082 
    Clustering |   37,72 |   39,47 |   39,47 |   37,72 |   35,09 |   37,72 |   32,46 |   41,23 |   38,60 |    34,21 |   37,37 | 0,061 
 DecisionTable |   41,23 |   40,35 |   42,11 |   34,21 |   35,96 |   28,07 |   42,11 |   43,86 |   40,35 |    40,35 |   38,86 | 0,083 
           END |   36,84 |   39,47 |   36,84 |   45,61 |   42,98 |   33,33 |   35,09 |   42,98 |   37,72 |    39,47 |   39,04 | 0,086 
           IBk |   41,23 |   35,96 |   33,33 |   30,70 |   26,32 |   38,60 |   37,72 |   37,72 |   42,98 |    36,84 |   36,14 | 0,042 
           J48 |   35,96 |   34,21 |   31,58 |   35,09 |   31,58 |   32,46 |   37,72 |   34,21 |   32,46 |    39,47 |   34,47 | 0,017 
    LogitBoost |   43,86 |   35,96 |   41,23 |   42,11 |   35,09 |   37,72 |   42,11 |   41,23 |   38,60 |    42,98 |   40,09 | 0,101 
    NaiveBayes |   40,35 |   36,84 |   39,47 |   35,96 |   43,86 |   38,60 |   46,49 |   35,09 |   48,25 |    33,33 |   39,82 | 0,097 
    Regression |   36,84 |   45,61 |   41,23 |   40,35 |   44,74 |   37,72 |   44,74 |   39,47 |   33,33 |    43,86 |   40,79 | 0,112 
RotationForest |   42,11 |   46,49 |   39,47 |   43,86 |   45,61 |   39,47 |   39,47 |   45,61 |   39,47 |    35,09 |   41,67 | 0,125 
           SMO |   35,09 |   35,96 |   42,98 |   45,61 |   37,72 |   45,61 |   45,61 |   38,60 |   40,35 |    41,23 |   40,88 | 0,113 


    Classifier | Correct #0 | Correct #1 | Correct #2 | Correct #3 
---------------+------------+------------+------------+------------
       Bagging |      40,44 |      40,18 |      47,37 |      38,77 
    Clustering |      40,61 |      39,47 |      39,65 |      37,37 
 DecisionTable |      42,28 |      40,18 |      47,98 |      38,86 
           END |      40,09 |      39,04 |      37,98 |      39,04 
           IBk |      39,39 |      36,67 |      44,39 |      36,14 
           J48 |      37,89 |      37,63 |      41,32 |      34,47 
    LogitBoost |      38,95 |      38,33 |      46,84 |      40,09 
    NaiveBayes |      38,95 |      37,98 |      39,65 |      39,82 
    Regression |      39,56 |      42,89 |      45,70 |      40,79 
RotationForest |      39,39 |      41,40 |      45,35 |      41,67 
           SMO |      39,12 |      41,05 |      48,60 |      40,88 
