Bagging [[69.0, 31.0, 70.0], [47.0, 82.0, 41.0], [56.0, 38.0, 76.0]]
Clustering [[69.0, 38.0, 63.0], [56.0, 68.0, 46.0], [72.0, 30.0, 68.0]]
DecisionTable [[39.0, 79.0, 52.0], [24.0, 110.0, 36.0], [31.0, 81.0, 58.0]]
END [[71.0, 43.0, 56.0], [39.0, 98.0, 33.0], [58.0, 54.0, 58.0]]
IBk [[81.0, 36.0, 53.0], [58.0, 79.0, 33.0], [82.0, 40.0, 48.0]]
J48 [[76.0, 38.0, 56.0], [56.0, 70.0, 44.0], [68.0, 33.0, 69.0]]
LogitBoost [[80.0, 30.0, 60.0], [41.0, 93.0, 36.0], [52.0, 49.0, 69.0]]
NaiveBayes [[96.0, 38.0, 36.0], [64.0, 75.0, 31.0], [96.0, 25.0, 49.0]]
Regression [[77.0, 36.0, 57.0], [43.0, 98.0, 29.0], [60.0, 42.0, 68.0]]
RotationForest [[79.0, 44.0, 47.0], [39.0, 89.0, 42.0], [71.0, 43.0, 56.0]]
SMO [[51.0, 33.0, 86.0], [36.0, 78.0, 56.0], [49.0, 30.0, 91.0]]
    Classifier | Test #1 | Test #2 | Test #3 | Test #4 | Test #5 | Test #6 | Test #7 | Test #8 | Test #9 | Test #10 | Correct | Kappa 
---------------+---------+---------+---------+---------+---------+---------+---------+---------+---------+----------+---------+-------
       Bagging |   50,98 |   45,10 |   47,06 |   45,10 |   39,22 |   41,18 |   43,14 |   45,10 |   45,10 |    43,14 |   44,51 | 0,168 
    Clustering |   27,45 |   47,06 |   37,25 |   39,22 |   43,14 |   43,14 |   41,18 |   41,18 |   43,14 |    39,22 |   40,20 | 0,103 
 DecisionTable |   43,14 |   43,14 |   52,94 |   33,33 |   37,25 |   37,25 |   43,14 |   43,14 |   39,22 |    33,33 |   40,59 | 0,109 
           END |   27,45 |   58,82 |   45,10 |   49,02 |   43,14 |   35,29 |   50,98 |   43,14 |   45,10 |    47,06 |   44,51 | 0,168 
           IBk |   41,18 |   45,10 |   50,98 |   31,37 |   35,29 |   39,22 |   41,18 |   37,25 |   50,98 |    35,29 |   40,78 | 0,112 
           J48 |   39,22 |   41,18 |   29,41 |   41,18 |   50,98 |   39,22 |   52,94 |   45,10 |   43,14 |    39,22 |   42,16 | 0,132 
    LogitBoost |   47,06 |   52,94 |   43,14 |   50,98 |   45,10 |   50,98 |   39,22 |   43,14 |   49,02 |    52,94 |   47,45 | 0,212 
    NaiveBayes |   41,18 |   37,25 |   49,02 |   43,14 |   43,14 |   45,10 |   43,14 |   41,18 |   49,02 |    39,22 |   43,14 | 0,147 
    Regression |   45,10 |   50,98 |   45,10 |   58,82 |   43,14 |   33,33 |   56,86 |   45,10 |   52,94 |    45,10 |   47,65 | 0,215 
RotationForest |   52,94 |   43,14 |   47,06 |   47,06 |   47,06 |   37,25 |   49,02 |   39,22 |   39,22 |    37,25 |   43,92 | 0,159 
           SMO |   45,10 |   43,14 |   43,14 |   49,02 |   43,14 |   41,18 |   35,29 |   41,18 |   39,22 |    50,98 |   43,14 | 0,147 


Bagging [[52.0, 46.0, 72.0], [41.0, 85.0, 44.0], [62.0, 39.0, 69.0]]
Clustering [[14.0, 31.0, 125.0], [11.0, 70.0, 89.0], [15.0, 18.0, 137.0]]
DecisionTable [[21.0, 50.0, 99.0], [19.0, 87.0, 64.0], [34.0, 30.0, 106.0]]
END [[56.0, 40.0, 74.0], [45.0, 80.0, 45.0], [57.0, 37.0, 76.0]]
IBk [[60.0, 38.0, 72.0], [46.0, 81.0, 43.0], [70.0, 24.0, 76.0]]
J48 [[61.0, 38.0, 71.0], [46.0, 83.0, 41.0], [61.0, 37.0, 72.0]]
LogitBoost [[50.0, 35.0, 85.0], [36.0, 89.0, 45.0], [60.0, 30.0, 80.0]]
NaiveBayes [[24.0, 32.0, 114.0], [23.0, 72.0, 75.0], [26.0, 22.0, 122.0]]
Regression [[58.0, 42.0, 70.0], [37.0, 93.0, 40.0], [69.0, 35.0, 66.0]]
RotationForest [[48.0, 48.0, 74.0], [39.0, 94.0, 37.0], [63.0, 44.0, 63.0]]
SMO [[24.0, 43.0, 103.0], [27.0, 88.0, 55.0], [38.0, 15.0, 117.0]]
    Classifier | Test #1 | Test #2 | Test #3 | Test #4 | Test #5 | Test #6 | Test #7 | Test #8 | Test #9 | Test #10 | Correct | Kappa 
---------------+---------+---------+---------+---------+---------+---------+---------+---------+---------+----------+---------+-------
       Bagging |   45,10 |   29,41 |   37,25 |   43,14 |   43,14 |   31,37 |   49,02 |   43,14 |   37,25 |    45,10 |   40,39 | 0,106 
    Clustering |   41,18 |   43,14 |   45,10 |   43,14 |   50,98 |   41,18 |   39,22 |   39,22 |   47,06 |    43,14 |   43,33 | 0,150 
 DecisionTable |   45,10 |   35,29 |   50,98 |   43,14 |   37,25 |   41,18 |   41,18 |   45,10 |   41,18 |    39,22 |   41,96 | 0,129 
           END |   37,25 |   45,10 |   37,25 |   47,06 |   43,14 |   47,06 |   43,14 |   39,22 |   37,25 |    39,22 |   41,57 | 0,124 
           IBk |   41,18 |   41,18 |   35,29 |   35,29 |   49,02 |   50,98 |   37,25 |   50,98 |   35,29 |    49,02 |   42,55 | 0,138 
           J48 |   45,10 |   37,25 |   58,82 |   35,29 |   39,22 |   39,22 |   37,25 |   43,14 |   47,06 |    41,18 |   42,35 | 0,135 
    LogitBoost |   47,06 |   39,22 |   54,90 |   35,29 |   45,10 |   39,22 |   41,18 |   52,94 |   35,29 |    39,22 |   42,94 | 0,144 
    NaiveBayes |   41,18 |   45,10 |   47,06 |   50,98 |   43,14 |   39,22 |   33,33 |   37,25 |   47,06 |    43,14 |   42,75 | 0,141 
    Regression |   58,82 |   39,22 |   39,22 |   33,33 |   50,98 |   41,18 |   33,33 |   45,10 |   37,25 |    47,06 |   42,55 | 0,138 
RotationForest |   47,06 |   39,22 |   45,10 |   39,22 |   29,41 |   29,41 |   41,18 |   47,06 |   45,10 |    39,22 |   40,20 | 0,103 
           SMO |   49,02 |   37,25 |   56,86 |   39,22 |   39,22 |   54,90 |   50,98 |   41,18 |   39,22 |    41,18 |   44,90 | 0,174 


Bagging [[71.0, 42.0, 57.0], [42.0, 70.0, 58.0], [44.0, 31.0, 95.0]]
Clustering [[30.0, 21.0, 119.0], [31.0, 43.0, 96.0], [22.0, 26.0, 122.0]]
DecisionTable [[39.0, 51.0, 80.0], [34.0, 79.0, 57.0], [29.0, 31.0, 110.0]]
END [[77.0, 45.0, 48.0], [41.0, 84.0, 45.0], [49.0, 52.0, 69.0]]
IBk [[66.0, 43.0, 61.0], [59.0, 59.0, 52.0], [51.0, 22.0, 97.0]]
J48 [[62.0, 47.0, 61.0], [56.0, 65.0, 49.0], [65.0, 33.0, 72.0]]
LogitBoost [[70.0, 46.0, 54.0], [38.0, 85.0, 47.0], [54.0, 40.0, 76.0]]
NaiveBayes [[38.0, 35.0, 97.0], [40.0, 52.0, 78.0], [25.0, 21.0, 124.0]]
Regression [[70.0, 32.0, 68.0], [32.0, 87.0, 51.0], [46.0, 53.0, 71.0]]
RotationForest [[72.0, 47.0, 51.0], [41.0, 80.0, 49.0], [61.0, 35.0, 74.0]]
SMO [[87.0, 35.0, 48.0], [49.0, 68.0, 53.0], [60.0, 22.0, 88.0]]
    Classifier | Test #1 | Test #2 | Test #3 | Test #4 | Test #5 | Test #6 | Test #7 | Test #8 | Test #9 | Test #10 | Correct | Kappa 
---------------+---------+---------+---------+---------+---------+---------+---------+---------+---------+----------+---------+-------
       Bagging |   41,18 |   45,10 |   47,06 |   49,02 |   45,10 |   45,10 |   41,18 |   49,02 |   50,98 |    49,02 |   46,27 | 0,194 
    Clustering |   43,14 |   41,18 |   41,18 |   33,33 |   35,29 |   37,25 |   45,10 |   39,22 |   33,33 |    33,33 |   38,24 | 0,074 
 DecisionTable |   37,25 |   45,10 |   45,10 |   60,78 |   41,18 |   49,02 |   39,22 |   43,14 |   39,22 |    47,06 |   44,71 | 0,171 
           END |   47,06 |   47,06 |   45,10 |   43,14 |   35,29 |   39,22 |   35,29 |   52,94 |   56,86 |    49,02 |   45,10 | 0,176 
           IBk |   45,10 |   41,18 |   39,22 |   49,02 |   52,94 |   39,22 |   35,29 |   43,14 |   39,22 |    50,98 |   43,53 | 0,153 
           J48 |   35,29 |   35,29 |   43,14 |   37,25 |   41,18 |   33,33 |   37,25 |   45,10 |   45,10 |    37,25 |   39,02 | 0,085 
    LogitBoost |   60,78 |   50,98 |   35,29 |   39,22 |   47,06 |   39,22 |   37,25 |   45,10 |   45,10 |    52,94 |   45,29 | 0,179 
    NaiveBayes |   43,14 |   37,25 |   47,06 |   39,22 |   37,25 |   37,25 |   50,98 |   50,98 |   45,10 |    31,37 |   41,96 | 0,129 
    Regression |   47,06 |   41,18 |   49,02 |   45,10 |   47,06 |   39,22 |   45,10 |   33,33 |   47,06 |    52,94 |   44,71 | 0,171 
RotationForest |   52,94 |   29,41 |   39,22 |   50,98 |   54,90 |   39,22 |   39,22 |   47,06 |   43,14 |    47,06 |   44,31 | 0,165 
           SMO |   43,14 |   49,02 |   47,06 |   49,02 |   39,22 |   54,90 |   49,02 |   52,94 |   39,22 |    52,94 |   47,65 | 0,215 


Bagging [[53.0, 42.0, 75.0], [38.0, 88.0, 44.0], [80.0, 28.0, 62.0]]
Clustering [[5.0, 51.0, 114.0], [13.0, 86.0, 71.0], [3.0, 39.0, 128.0]]
DecisionTable [[4.0, 51.0, 115.0], [15.0, 92.0, 63.0], [10.0, 28.0, 132.0]]
END [[62.0, 41.0, 67.0], [47.0, 72.0, 51.0], [67.0, 30.0, 73.0]]
IBk [[48.0, 40.0, 82.0], [49.0, 71.0, 50.0], [74.0, 23.0, 73.0]]
J48 [[52.0, 49.0, 69.0], [58.0, 65.0, 47.0], [55.0, 47.0, 68.0]]
LogitBoost [[53.0, 56.0, 61.0], [46.0, 89.0, 35.0], [54.0, 42.0, 74.0]]
NaiveBayes [[21.0, 33.0, 116.0], [23.0, 83.0, 64.0], [22.0, 19.0, 129.0]]
Regression [[44.0, 50.0, 76.0], [40.0, 92.0, 38.0], [55.0, 40.0, 75.0]]
RotationForest [[60.0, 42.0, 68.0], [41.0, 79.0, 50.0], [69.0, 24.0, 77.0]]
SMO [[34.0, 38.0, 98.0], [31.0, 85.0, 54.0], [27.0, 27.0, 116.0]]
    Classifier | Test #1 | Test #2 | Test #3 | Test #4 | Test #5 | Test #6 | Test #7 | Test #8 | Test #9 | Test #10 | Correct | Kappa 
---------------+---------+---------+---------+---------+---------+---------+---------+---------+---------+----------+---------+-------
       Bagging |   45,10 |   35,29 |   47,06 |   29,41 |   41,18 |   29,41 |   41,18 |   37,25 |   35,29 |    56,86 |   39,80 | 0,097 
    Clustering |   45,10 |   37,25 |   39,22 |   41,18 |   52,94 |   43,14 |   39,22 |   41,18 |   45,10 |    45,10 |   42,94 | 0,144 
 DecisionTable |   43,14 |   45,10 |   49,02 |   45,10 |   41,18 |   49,02 |   43,14 |   37,25 |   45,10 |    49,02 |   44,71 | 0,171 
           END |   35,29 |   41,18 |   45,10 |   39,22 |   45,10 |   39,22 |   33,33 |   43,14 |   49,02 |    35,29 |   40,59 | 0,109 
           IBk |   25,49 |   39,22 |   45,10 |   31,37 |   43,14 |   35,29 |   39,22 |   31,37 |   39,22 |    47,06 |   37,65 | 0,065 
           J48 |   33,33 |   33,33 |   43,14 |   29,41 |   41,18 |   43,14 |   35,29 |   37,25 |   33,33 |    33,33 |   36,27 | 0,044 
    LogitBoost |   41,18 |   39,22 |   37,25 |   47,06 |   49,02 |   47,06 |   43,14 |   43,14 |   39,22 |    37,25 |   42,35 | 0,135 
    NaiveBayes |   49,02 |   43,14 |   54,90 |   43,14 |   43,14 |   49,02 |   43,14 |   39,22 |   41,18 |    50,98 |   45,69 | 0,185 
    Regression |   41,18 |   50,98 |   41,18 |   39,22 |   41,18 |   39,22 |   39,22 |   43,14 |   37,25 |    41,18 |   41,37 | 0,121 
RotationForest |   33,33 |   45,10 |   50,98 |   43,14 |   35,29 |   43,14 |   41,18 |   41,18 |   39,22 |    50,98 |   42,35 | 0,135 
           SMO |   39,22 |   39,22 |   49,02 |   52,94 |   37,25 |   41,18 |   50,98 |   49,02 |   56,86 |    45,10 |   46,08 | 0,191 


    Classifier | Correct #0 | Correct #1 | Correct #2 | Correct #3 
---------------+------------+------------+------------+------------
       Bagging |      44,51 |      40,39 |      46,27 |      39,80 
    Clustering |      40,20 |      43,33 |      38,24 |      42,94 
 DecisionTable |      40,59 |      41,96 |      44,71 |      44,71 
           END |      44,51 |      41,57 |      45,10 |      40,59 
           IBk |      40,78 |      42,55 |      43,53 |      37,65 
           J48 |      42,16 |      42,35 |      39,02 |      36,27 
    LogitBoost |      47,45 |      42,94 |      45,29 |      42,35 
    NaiveBayes |      43,14 |      42,75 |      41,96 |      45,69 
    Regression |      47,65 |      42,55 |      44,71 |      41,37 
RotationForest |      43,92 |      40,20 |      44,31 |      42,35 
           SMO |      43,14 |      44,90 |      47,65 |      46,08 
