Bagging [[77.0, 90.0, 103.0], [63.0, 136.0, 71.0], [87.0, 66.0, 117.0]]
Clustering [[22.0, 62.0, 186.0], [29.0, 114.0, 127.0], [26.0, 43.0, 201.0]]
DecisionTable [[6.0, 69.0, 195.0], [8.0, 109.0, 153.0], [5.0, 59.0, 206.0]]
END [[75.0, 64.0, 131.0], [60.0, 125.0, 85.0], [79.0, 52.0, 139.0]]
IBk [[97.0, 67.0, 106.0], [80.0, 123.0, 67.0], [98.0, 70.0, 102.0]]
J48 [[72.0, 87.0, 111.0], [79.0, 125.0, 66.0], [92.0, 81.0, 97.0]]
LogitBoost [[102.0, 73.0, 95.0], [58.0, 145.0, 67.0], [87.0, 66.0, 117.0]]
NaiveBayes [[53.0, 51.0, 166.0], [57.0, 121.0, 92.0], [66.0, 33.0, 171.0]]
Regression [[41.0, 84.0, 145.0], [31.0, 153.0, 86.0], [34.0, 77.0, 159.0]]
RotationForest [[74.0, 84.0, 112.0], [49.0, 157.0, 64.0], [79.0, 72.0, 119.0]]
SMO [[76.0, 65.0, 129.0], [60.0, 136.0, 74.0], [85.0, 52.0, 133.0]]
    Classifier | Test #1 | Test #2 | Test #3 | Test #4 | Test #5 | Test #6 | Test #7 | Test #8 | Test #9 | Test #10 | Correct | Kappa 
---------------+---------+---------+---------+---------+---------+---------+---------+---------+---------+----------+---------+-------
       Bagging |   38,27 |   41,98 |   44,44 |   43,21 |   40,74 |   43,21 |   35,80 |   38,27 |   44,44 |    37,04 |   40,74 | 0,111 
    Clustering |   29,63 |   39,51 |   48,15 |   43,21 |   49,38 |   33,33 |   41,98 |   49,38 |   37,04 |    44,44 |   41,60 | 0,124 
 DecisionTable |   40,74 |   41,98 |   37,04 |   44,44 |   43,21 |   34,57 |   44,44 |   34,57 |   38,27 |    37,04 |   39,63 | 0,094 
           END |   40,74 |   40,74 |   49,38 |   46,91 |   37,04 |   44,44 |   43,21 |   43,21 |   38,27 |    34,57 |   41,85 | 0,128 
           IBk |   40,74 |   41,98 |   48,15 |   37,04 |   41,98 |   35,80 |   32,10 |   35,80 |   37,04 |    46,91 |   39,75 | 0,096 
           J48 |   35,80 |   38,27 |   43,21 |   33,33 |   34,57 |   39,51 |   33,33 |   39,51 |   34,57 |    30,86 |   36,30 | 0,044 
    LogitBoost |   39,51 |   50,62 |   48,15 |   50,62 |   46,91 |   46,91 |   38,27 |   45,68 |   43,21 |    39,51 |   44,94 | 0,174 
    NaiveBayes |   44,44 |   44,44 |   41,98 |   40,74 |   38,27 |   48,15 |   33,33 |   40,74 |   50,62 |    43,21 |   42,59 | 0,139 
    Regression |   41,98 |   39,51 |   44,44 |   41,98 |   45,68 |   48,15 |   40,74 |   45,68 |   38,27 |    49,38 |   43,58 | 0,154 
RotationForest |   43,21 |   32,10 |   41,98 |   41,98 |   43,21 |   46,91 |   40,74 |   39,51 |   54,32 |    48,15 |   43,21 | 0,148 
           SMO |   41,98 |   45,68 |   44,44 |   37,04 |   50,62 |   48,15 |   40,74 |   40,74 |   40,74 |    35,80 |   42,59 | 0,139 


Bagging [[82.0, 77.0, 111.0], [63.0, 133.0, 74.0], [94.0, 66.0, 110.0]]
Clustering [[60.0, 63.0, 147.0], [45.0, 114.0, 111.0], [65.0, 35.0, 170.0]]
DecisionTable [[21.0, 85.0, 164.0], [16.0, 140.0, 114.0], [21.0, 72.0, 177.0]]
END [[73.0, 89.0, 108.0], [53.0, 144.0, 73.0], [90.0, 74.0, 106.0]]
IBk [[106.0, 61.0, 103.0], [93.0, 107.0, 70.0], [112.0, 44.0, 114.0]]
J48 [[96.0, 85.0, 89.0], [84.0, 117.0, 69.0], [97.0, 86.0, 87.0]]
LogitBoost [[84.0, 80.0, 106.0], [81.0, 117.0, 72.0], [109.0, 64.0, 97.0]]
NaiveBayes [[31.0, 46.0, 193.0], [49.0, 103.0, 118.0], [42.0, 36.0, 192.0]]
Regression [[66.0, 86.0, 118.0], [58.0, 133.0, 79.0], [83.0, 58.0, 129.0]]
RotationForest [[85.0, 80.0, 105.0], [77.0, 113.0, 80.0], [107.0, 68.0, 95.0]]
SMO [[56.0, 57.0, 157.0], [52.0, 116.0, 102.0], [63.0, 41.0, 166.0]]
    Classifier | Test #1 | Test #2 | Test #3 | Test #4 | Test #5 | Test #6 | Test #7 | Test #8 | Test #9 | Test #10 | Correct | Kappa 
---------------+---------+---------+---------+---------+---------+---------+---------+---------+---------+----------+---------+-------
       Bagging |   30,86 |   33,33 |   49,38 |   45,68 |   37,04 |   41,98 |   48,15 |   37,04 |   40,74 |    37,04 |   40,12 | 0,102 
    Clustering |   40,74 |   49,38 |   41,98 |   40,74 |   43,21 |   40,74 |   45,68 |   37,04 |   45,68 |    39,51 |   42,47 | 0,137 
 DecisionTable |   41,98 |   35,80 |   48,15 |   37,04 |   41,98 |   41,98 |   45,68 |   40,74 |   43,21 |    40,74 |   41,73 | 0,126 
           END |   40,74 |   37,04 |   43,21 |   34,57 |   39,51 |   40,74 |   40,74 |   34,57 |   45,68 |    41,98 |   39,88 | 0,098 
           IBk |   29,63 |   45,68 |   45,68 |   33,33 |   44,44 |   49,38 |   27,16 |   45,68 |   40,74 |    41,98 |   40,37 | 0,106 
           J48 |   43,21 |   29,63 |   35,80 |   35,80 |   35,80 |   34,57 |   30,86 |   45,68 |   34,57 |    44,44 |   37,04 | 0,056 
    LogitBoost |   35,80 |   34,57 |   27,16 |   41,98 |   32,10 |   41,98 |   39,51 |   40,74 |   34,57 |    39,51 |   36,79 | 0,052 
    NaiveBayes |   38,27 |   38,27 |   43,21 |   33,33 |   46,91 |   38,27 |   38,27 |   44,44 |   39,51 |    41,98 |   40,25 | 0,104 
    Regression |   37,04 |   38,27 |   38,27 |   39,51 |   48,15 |   44,44 |   39,51 |   45,68 |   35,80 |    38,27 |   40,49 | 0,107 
RotationForest |   28,40 |   40,74 |   35,80 |   39,51 |   33,33 |   34,57 |   41,98 |   32,10 |   34,57 |    40,74 |   36,17 | 0,043 
           SMO |   43,21 |   45,68 |   45,68 |   38,27 |   39,51 |   40,74 |   41,98 |   44,44 |   35,80 |    41,98 |   41,73 | 0,126 


Bagging [[115.0, 61.0, 94.0], [62.0, 122.0, 86.0], [67.0, 66.0, 137.0]]
Clustering [[4.0, 56.0, 210.0], [11.0, 83.0, 176.0], [3.0, 34.0, 233.0]]
DecisionTable [[155.0, 56.0, 59.0], [76.0, 117.0, 77.0], [103.0, 62.0, 105.0]]
END [[113.0, 75.0, 82.0], [64.0, 116.0, 90.0], [76.0, 82.0, 112.0]]
IBk [[130.0, 41.0, 99.0], [105.0, 77.0, 88.0], [101.0, 46.0, 123.0]]
J48 [[125.0, 82.0, 63.0], [62.0, 120.0, 88.0], [84.0, 83.0, 103.0]]
LogitBoost [[147.0, 60.0, 63.0], [65.0, 120.0, 85.0], [76.0, 60.0, 134.0]]
NaiveBayes [[55.0, 51.0, 164.0], [45.0, 73.0, 152.0], [31.0, 30.0, 209.0]]
Regression [[140.0, 61.0, 69.0], [69.0, 120.0, 81.0], [86.0, 71.0, 113.0]]
RotationForest [[134.0, 54.0, 82.0], [63.0, 128.0, 79.0], [86.0, 78.0, 106.0]]
SMO [[125.0, 50.0, 95.0], [65.0, 127.0, 78.0], [78.0, 56.0, 136.0]]
    Classifier | Test #1 | Test #2 | Test #3 | Test #4 | Test #5 | Test #6 | Test #7 | Test #8 | Test #9 | Test #10 | Correct | Kappa 
---------------+---------+---------+---------+---------+---------+---------+---------+---------+---------+----------+---------+-------
       Bagging |   38,27 |   50,62 |   46,91 |   45,68 |   40,74 |   45,68 |   51,85 |   39,51 |   49,38 |    53,09 |   46,17 | 0,193 
    Clustering |   39,51 |   48,15 |   43,21 |   34,57 |   34,57 |   44,44 |   39,51 |   32,10 |   38,27 |    40,74 |   39,51 | 0,093 
 DecisionTable |   49,38 |   43,21 |   45,68 |   48,15 |   49,38 |   46,91 |   48,15 |   46,91 |   44,44 |    43,21 |   46,54 | 0,198 
           END |   44,44 |   39,51 |   37,04 |   43,21 |   46,91 |   44,44 |   45,68 |   39,51 |   40,74 |    39,51 |   42,10 | 0,131 
           IBk |   39,51 |   37,04 |   43,21 |   41,98 |   41,98 |   34,57 |   39,51 |   46,91 |   38,27 |    44,44 |   40,74 | 0,111 
           J48 |   39,51 |   46,91 |   37,04 |   56,79 |   40,74 |   35,80 |   43,21 |   43,21 |   44,44 |    41,98 |   42,96 | 0,144 
    LogitBoost |   35,80 |   40,74 |   54,32 |   45,68 |   51,85 |   49,38 |   49,38 |   58,02 |   50,62 |    59,26 |   49,51 | 0,243 
    NaiveBayes |   43,21 |   49,38 |   38,27 |   34,57 |   38,27 |   43,21 |   40,74 |   43,21 |   43,21 |    41,98 |   41,60 | 0,124 
    Regression |   41,98 |   46,91 |   50,62 |   48,15 |   48,15 |   39,51 |   45,68 |   44,44 |   48,15 |    46,91 |   46,05 | 0,191 
RotationForest |   39,51 |   54,32 |   49,38 |   39,51 |   43,21 |   50,62 |   37,04 |   55,56 |   46,91 |    38,27 |   45,43 | 0,181 
           SMO |   49,38 |   41,98 |   54,32 |   39,51 |   45,68 |   46,91 |   43,21 |   53,09 |   43,21 |    61,73 |   47,90 | 0,219 


Bagging [[80.0, 78.0, 112.0], [55.0, 123.0, 92.0], [80.0, 69.0, 121.0]]
Clustering [[89.0, 95.0, 86.0], [71.0, 133.0, 66.0], [96.0, 87.0, 87.0]]
DecisionTable [[40.0, 103.0, 127.0], [26.0, 157.0, 87.0], [46.0, 64.0, 160.0]]
END [[70.0, 78.0, 122.0], [83.0, 110.0, 77.0], [68.0, 77.0, 125.0]]
IBk [[84.0, 68.0, 118.0], [89.0, 116.0, 65.0], [123.0, 55.0, 92.0]]
J48 [[72.0, 96.0, 102.0], [80.0, 112.0, 78.0], [102.0, 62.0, 106.0]]
LogitBoost [[94.0, 72.0, 104.0], [79.0, 132.0, 59.0], [100.0, 50.0, 120.0]]
NaiveBayes [[31.0, 50.0, 189.0], [41.0, 106.0, 123.0], [48.0, 31.0, 191.0]]
Regression [[65.0, 89.0, 116.0], [60.0, 145.0, 65.0], [89.0, 75.0, 106.0]]
RotationForest [[95.0, 82.0, 93.0], [57.0, 149.0, 64.0], [101.0, 75.0, 94.0]]
SMO [[65.0, 65.0, 140.0], [77.0, 105.0, 88.0], [69.0, 50.0, 151.0]]
    Classifier | Test #1 | Test #2 | Test #3 | Test #4 | Test #5 | Test #6 | Test #7 | Test #8 | Test #9 | Test #10 | Correct | Kappa 
---------------+---------+---------+---------+---------+---------+---------+---------+---------+---------+----------+---------+-------
       Bagging |   43,21 |   28,40 |   40,74 |   43,21 |   39,51 |   37,04 |   34,57 |   40,74 |   46,91 |    45,68 |   40,00 | 0,100 
    Clustering |   34,57 |   33,33 |   43,21 |   38,27 |   45,68 |   44,44 |   33,33 |   38,27 |   33,33 |    37,04 |   38,15 | 0,072 
 DecisionTable |   50,62 |   49,38 |   37,04 |   45,68 |   45,68 |   43,21 |   45,68 |   41,98 |   45,68 |    35,80 |   44,07 | 0,161 
           END |   41,98 |   38,27 |   39,51 |   40,74 |   40,74 |   34,57 |   34,57 |   34,57 |   40,74 |    30,86 |   37,65 | 0,065 
           IBk |   33,33 |   35,80 |   35,80 |   34,57 |   34,57 |   39,51 |   32,10 |   40,74 |   34,57 |    39,51 |   36,05 | 0,041 
           J48 |   34,57 |   33,33 |   34,57 |   41,98 |   35,80 |   32,10 |   30,86 |   38,27 |   34,57 |    41,98 |   35,80 | 0,037 
    LogitBoost |   32,10 |   40,74 |   46,91 |   44,44 |   38,27 |   39,51 |   40,74 |   49,38 |   46,91 |    48,15 |   42,72 | 0,141 
    NaiveBayes |   37,04 |   44,44 |   43,21 |   38,27 |   41,98 |   35,80 |   43,21 |   35,80 |   43,21 |    41,98 |   40,49 | 0,107 
    Regression |   39,51 |   29,63 |   41,98 |   39,51 |   34,57 |   43,21 |   34,57 |   44,44 |   40,74 |    41,98 |   39,01 | 0,085 
RotationForest |   45,68 |   41,98 |   43,21 |   30,86 |   38,27 |   38,27 |   48,15 |   38,27 |   40,74 |    51,85 |   41,73 | 0,126 
           SMO |   34,57 |   40,74 |   38,27 |   33,33 |   37,04 |   45,68 |   51,85 |   41,98 |   38,27 |    34,57 |   39,63 | 0,094 


    Classifier | Correct #0 | Correct #1 | Correct #2 | Correct #3 
---------------+------------+------------+------------+------------
       Bagging |      40,74 |      40,12 |      46,17 |      40,00 
    Clustering |      41,60 |      42,47 |      39,51 |      38,15 
 DecisionTable |      39,63 |      41,73 |      46,54 |      44,07 
           END |      41,85 |      39,88 |      42,10 |      37,65 
           IBk |      39,75 |      40,37 |      40,74 |      36,05 
           J48 |      36,30 |      37,04 |      42,96 |      35,80 
    LogitBoost |      44,94 |      36,79 |      49,51 |      42,72 
    NaiveBayes |      42,59 |      40,25 |      41,60 |      40,49 
    Regression |      43,58 |      40,49 |      46,05 |      39,01 
RotationForest |      43,21 |      36,17 |      45,43 |      41,73 
           SMO |      42,59 |      41,73 |      47,90 |      39,63 
