Bagging [[1523.0, 387.0], [892.0, 278.0]]
Clustering [[1034.0, 876.0], [660.0, 510.0]]
DecisionTable [[1910.0, 0.0], [1170.0, 0.0]]
END [[1852.0, 58.0], [1131.0, 39.0]]
IBk [[1723.0, 187.0], [1009.0, 161.0]]
J48 [[1910.0, 0.0], [1170.0, 0.0]]
LogitBoost [[1803.0, 107.0], [1103.0, 67.0]]
NaiveBayes [[853.0, 1057.0], [385.0, 785.0]]
Regression [[1775.0, 135.0], [1084.0, 86.0]]
RotationForest [[1910.0, 0.0], [1170.0, 0.0]]
SMO [[1910.0, 0.0], [1170.0, 0.0]]
    Classifier | Test #1 | Test #2 | Test #3 | Test #4 | Test #5 | Test #6 | Test #7 | Test #8 | Test #9 | Test #10 | Correct |  Kappa 
---------------+---------+---------+---------+---------+---------+---------+---------+---------+---------+----------+---------+--------
       Bagging |   56,82 |   60,71 |   58,77 |   58,77 |   57,79 |   55,84 |   57,79 |   59,42 |   59,74 |    59,09 |   58,47 |  0,038 
    Clustering |   46,10 |   50,32 |   50,97 |   51,62 |   51,62 |   49,68 |   46,10 |   50,32 |   52,92 |    51,62 |   50,13 | -0,030 
 DecisionTable |   62,01 |   62,01 |   62,01 |   62,01 |   62,01 |   62,01 |   62,01 |   62,01 |   62,01 |    62,01 |   62,01 |  0,000 
           END |   62,01 |   62,01 |   62,01 |   62,01 |   62,01 |   62,01 |   62,01 |   62,01 |   55,84 |    62,01 |   61,40 |  0,003 
           IBk |   60,06 |   62,34 |   61,69 |   57,47 |   62,34 |   62,34 |   60,71 |   61,04 |   62,34 |    61,36 |   61,17 |  0,046 
           J48 |   62,01 |   62,01 |   62,01 |   62,01 |   62,01 |   62,01 |   62,01 |   62,01 |   62,01 |    62,01 |   62,01 |  0,000 
    LogitBoost |   61,36 |   60,06 |   60,06 |   58,12 |   61,69 |   60,39 |   60,71 |   61,69 |   61,69 |    61,36 |   60,71 |  0,001 
    NaiveBayes |   51,30 |   53,57 |   56,49 |   56,17 |   55,84 |   50,65 |   49,68 |   49,35 |   52,27 |    56,49 |   53,18 |  0,106 
    Regression |   58,44 |   60,06 |   60,71 |   59,74 |   60,71 |   61,36 |   60,06 |   60,39 |   61,69 |    61,04 |   60,42 |  0,003 
RotationForest |   62,01 |   62,01 |   62,01 |   62,01 |   62,01 |   62,01 |   62,01 |   62,01 |   62,01 |    62,01 |   62,01 |  0,000 
           SMO |   62,01 |   62,01 |   62,01 |   62,01 |   62,01 |   62,01 |   62,01 |   62,01 |   62,01 |    62,01 |   62,01 |  0,000 


Bagging [[1503.0, 407.0], [851.0, 319.0]]
Clustering [[665.0, 1245.0], [242.0, 928.0]]
DecisionTable [[1785.0, 125.0], [1076.0, 94.0]]
END [[1800.0, 110.0], [1079.0, 91.0]]
IBk [[1692.0, 218.0], [988.0, 182.0]]
J48 [[1811.0, 99.0], [1103.0, 67.0]]
LogitBoost [[1766.0, 144.0], [1061.0, 109.0]]
NaiveBayes [[686.0, 1224.0], [222.0, 948.0]]
Regression [[1696.0, 214.0], [959.0, 211.0]]
RotationForest [[1908.0, 2.0], [1168.0, 2.0]]
SMO [[1910.0, 0.0], [1170.0, 0.0]]
    Classifier | Test #1 | Test #2 | Test #3 | Test #4 | Test #5 | Test #6 | Test #7 | Test #8 | Test #9 | Test #10 | Correct | Kappa 
---------------+---------+---------+---------+---------+---------+---------+---------+---------+---------+----------+---------+-------
       Bagging |   60,06 |   58,77 |   62,34 |   61,69 |   56,82 |   60,06 |   57,14 |   57,47 |   59,74 |    57,47 |   59,16 | 0,064 
    Clustering |   52,92 |   56,82 |   51,95 |   52,60 |   50,00 |   50,00 |   52,92 |   49,68 |   49,03 |    51,30 |   51,72 | 0,121 
 DecisionTable |   59,74 |   62,01 |   62,01 |   62,01 |   60,71 |   61,69 |   62,01 |   62,01 |   55,84 |    62,01 |   61,01 | 0,016 
           END |   63,31 |   62,99 |   61,36 |   58,77 |   62,01 |   60,06 |   62,66 |   58,12 |   62,34 |    62,34 |   61,40 | 0,024 
           IBk |   60,39 |   60,06 |   59,74 |   61,69 |   61,69 |   60,39 |   60,71 |   58,44 |   62,01 |    63,31 |   60,84 | 0,047 
           J48 |   61,36 |   59,74 |   60,39 |   61,69 |   59,74 |   61,69 |   61,04 |   62,66 |   60,71 |    60,71 |   60,97 | 0,006 
    LogitBoost |   62,34 |   59,09 |   61,69 |   62,01 |   61,69 |   61,36 |   61,04 |   62,01 |   57,79 |    59,74 |   60,88 | 0,021 
    NaiveBayes |   51,30 |   56,49 |   49,03 |   50,65 |   50,32 |   52,92 |   53,57 |   55,19 |   56,17 |    54,87 |   53,05 | 0,145 
    Regression |   62,99 |   63,64 |   61,36 |   61,36 |   63,96 |   60,71 |   59,74 |   61,36 |   62,99 |    61,04 |   61,92 | 0,078 
RotationForest |   62,01 |   62,66 |   62,01 |   61,69 |   62,01 |   62,01 |   61,69 |   62,01 |   62,01 |    62,01 |   62,01 | 0,001 
           SMO |   62,01 |   62,01 |   62,01 |   62,01 |   62,01 |   62,01 |   62,01 |   62,01 |   62,01 |    62,01 |   62,01 | 0,000 


Bagging [[1460.0, 450.0], [706.0, 464.0]]
Clustering [[1166.0, 744.0], [776.0, 394.0]]
DecisionTable [[1427.0, 483.0], [650.0, 520.0]]
END [[1326.0, 584.0], [658.0, 512.0]]
IBk [[1633.0, 277.0], [870.0, 300.0]]
J48 [[1322.0, 588.0], [650.0, 520.0]]
LogitBoost [[1474.0, 436.0], [687.0, 483.0]]
NaiveBayes [[619.0, 1291.0], [231.0, 939.0]]
Regression [[1447.0, 463.0], [731.0, 439.0]]
RotationForest [[1569.0, 341.0], [759.0, 411.0]]
SMO [[1834.0, 76.0], [1084.0, 86.0]]
    Classifier | Test #1 | Test #2 | Test #3 | Test #4 | Test #5 | Test #6 | Test #7 | Test #8 | Test #9 | Test #10 | Correct |  Kappa 
---------------+---------+---------+---------+---------+---------+---------+---------+---------+---------+----------+---------+--------
       Bagging |   61,36 |   63,96 |   62,66 |   61,69 |   62,34 |   65,91 |   61,04 |   60,71 |   61,36 |    63,64 |   62,47 |  0,168 
    Clustering |   51,30 |   48,70 |   47,73 |   54,87 |   50,00 |   54,22 |   50,32 |   47,08 |   49,68 |    52,60 |   50,65 | -0,069 
 DecisionTable |   67,21 |   62,34 |   64,61 |   63,31 |   59,42 |   63,96 |   60,71 |   63,64 |   63,64 |    63,31 |   63,21 |  0,197 
           END |   59,09 |   54,22 |   59,09 |   58,44 |   67,86 |   57,79 |   62,66 |   61,36 |   60,06 |    56,17 |   59,68 |  0,134 
           IBk |   65,26 |   66,23 |   60,71 |   59,09 |   63,96 |   62,34 |   59,42 |   62,34 |   65,58 |    62,66 |   62,76 |  0,123 
           J48 |   57,79 |   61,04 |   57,79 |   55,52 |   59,74 |   58,44 |   61,69 |   60,06 |   61,36 |    64,61 |   59,81 |  0,138 
    LogitBoost |   65,58 |   64,61 |   62,01 |   63,64 |   60,39 |   65,26 |   62,34 |   62,66 |   64,29 |    64,61 |   63,54 |  0,192 
    NaiveBayes |   54,22 |   49,35 |   51,62 |   50,32 |   50,32 |   47,40 |   49,68 |   46,10 |   53,57 |    53,25 |   50,58 |  0,108 
    Regression |   63,31 |   63,31 |   65,26 |   59,09 |   63,31 |   63,64 |   61,36 |   60,39 |   56,17 |    56,49 |   61,23 |  0,139 
RotationForest |   62,34 |   65,58 |   63,64 |   63,31 |   62,01 |   66,88 |   61,36 |   68,18 |   64,94 |    64,61 |   64,29 |  0,185 
           SMO |   62,99 |   62,99 |   61,69 |   62,99 |   62,01 |   61,69 |   62,66 |   64,29 |   60,06 |    62,01 |   62,34 |  0,040 


Bagging [[1531.0, 379.0], [860.0, 310.0]]
Clustering [[921.0, 989.0], [396.0, 774.0]]
DecisionTable [[1848.0, 62.0], [1125.0, 45.0]]
END [[1596.0, 314.0], [962.0, 208.0]]
IBk [[1721.0, 189.0], [996.0, 174.0]]
J48 [[1580.0, 330.0], [945.0, 225.0]]
LogitBoost [[1608.0, 302.0], [964.0, 206.0]]
NaiveBayes [[754.0, 1156.0], [261.0, 909.0]]
Regression [[1630.0, 280.0], [930.0, 240.0]]
RotationForest [[1892.0, 18.0], [1161.0, 9.0]]
SMO [[1910.0, 0.0], [1170.0, 0.0]]
    Classifier | Test #1 | Test #2 | Test #3 | Test #4 | Test #5 | Test #6 | Test #7 | Test #8 | Test #9 | Test #10 | Correct |  Kappa 
---------------+---------+---------+---------+---------+---------+---------+---------+---------+---------+----------+---------+--------
       Bagging |   62,99 |   57,47 |   58,12 |   56,49 |   62,34 |   59,42 |   62,01 |   57,14 |   62,34 |    59,42 |   59,77 |  0,072 
    Clustering |   59,74 |   57,14 |   49,03 |   55,52 |   54,87 |   53,57 |   56,17 |   50,97 |   55,19 |    58,12 |   55,03 |  0,131 
 DecisionTable |   62,01 |   62,01 |   59,42 |   60,39 |   60,71 |   62,01 |   62,01 |   62,01 |   62,01 |    62,01 |   61,46 |  0,006 
           END |   56,82 |   56,82 |   58,44 |   57,47 |   57,79 |   59,09 |   60,06 |   60,71 |   59,09 |    59,42 |   58,57 |  0,015 
           IBk |   61,04 |   59,09 |   58,77 |   60,71 |   66,23 |   62,01 |   63,31 |   62,66 |   60,06 |    61,36 |   61,53 |  0,058 
           J48 |   55,52 |   60,39 |   58,44 |   59,74 |   59,74 |   55,84 |   60,06 |   59,42 |   60,71 |    56,17 |   58,60 |  0,022 
    LogitBoost |   58,77 |   59,74 |   56,82 |   58,44 |   59,42 |   61,04 |   56,49 |   60,06 |   62,34 |    55,84 |   58,90 |  0,020 
    NaiveBayes |   50,00 |   53,25 |   54,22 |   54,55 |   55,84 |   57,14 |   54,55 |   53,25 |   51,30 |    55,84 |   53,99 |  0,150 
    Regression |   60,06 |   61,04 |   63,31 |   62,99 |   61,04 |   60,06 |   60,39 |   60,39 |   55,84 |    62,01 |   60,71 |  0,065 
RotationForest |   62,01 |   60,71 |   61,04 |   61,69 |   62,66 |   61,69 |   62,01 |   62,34 |   62,01 |    61,04 |   61,72 | -0,002 
           SMO |   62,01 |   62,01 |   62,01 |   62,01 |   62,01 |   62,01 |   62,01 |   62,01 |   62,01 |    62,01 |   62,01 |  0,000 


    Classifier | Correct #0 | Correct #1 | Correct #2 | Correct #3 
---------------+------------+------------+------------+------------
       Bagging |      58,47 |      59,16 |      62,47 |      59,77 
    Clustering |      50,13 |      51,72 |      50,65 |      55,03 
 DecisionTable |      62,01 |      61,01 |      63,21 |      61,46 
           END |      61,40 |      61,40 |      59,68 |      58,57 
           IBk |      61,17 |      60,84 |      62,76 |      61,53 
           J48 |      62,01 |      60,97 |      59,81 |      58,60 
    LogitBoost |      60,71 |      60,88 |      63,54 |      58,90 
    NaiveBayes |      53,18 |      53,05 |      50,58 |      53,99 
    Regression |      60,42 |      61,92 |      61,23 |      60,71 
RotationForest |      62,01 |      62,01 |      64,29 |      61,72 
           SMO |      62,01 |      62,01 |      62,34 |      62,01 
