CanberraDistance
    10:  0 100  0  0
    47:  0 100  0  0
    84:  0 100  0  0
    121:  0 100  0  0
    158:  0 100  0  0
    195:  0 100  0  0
    232:  0 100  0  0
    269:  0 100  0  0
    306:  0 100  0  0
    343:  0 100  0  0
    380:  0 100  0  0
    417:  0 100  0  0
    454:  0 100  0  0
    491:  0 100  0  0
KendallTau
    10:  0 100  0  0
    47:  0 100  0  0
    84:  0 100  0  0
    121:  0 100  0  0
    158:  0 100  0  0
    195:  0 100  0  0
    232:  0 100  0  0
    269:  0 100  0  0
    306:  0 100  0  0
    343:  0 100  0  0
    380:  0 100  0  0
    417:  0 100  0  0
    454:  0 100  0  0
    491:  0 100  0  0
LevenshteinDistance
    10:  0 100  0  0
    47:  0 100  0  0
    84:  0 100  0  0
    121:  0 100  0  0
    158:  0 100  0  0
    195:  0 100  0  0
    232:  0 100  0  0
    269:  0 100  0  0
    306:  0 100  0  0
    343:  0 100  0  0
    380:  0 100  0  0
    417:  0 100  0  0
    454:  0 100  0  0
    491:  0 100  0  0
CayleyDistance
    10:  0 100  0  0
    47:  0 100  0  0
    84:  0 100  0  0
    121:  0 100  0  0
    158:  0 100  0  0
    195:  0 100  0  0
    232:  0 100  0  0
    269:  0 100  0  0
    306:  0 100  0  0
    343:  0 100  0  0
    380:  0 100  0  0
    417:  0 100  0  0
    454:  0 100  0  0
    491:  0 100  0  0
LSquare
    10:  0 100  0  0
    47:  0 100  0  0
    84:  0 100  0  0
    121:  0 100  0  0
    158:  0 100  0  0
    195:  0 100  0  0
    232:  0 100  0  0
    269:  0 100  0  0
    306:  0 100  0  0
    343:  0 100  0  0
    380:  0 100  0  0
    417:  0 100  0  0
    454:  0 100  0  0
    491:  0 100  0  0
