Bagging [[2549.0, 1596.0, 1458.0, 2597.0], [1594.0, 3259.0, 1379.0, 1968.0], [1217.0, 1032.0, 5044.0, 907.0], [2486.0, 1879.0, 965.0, 2870.0]]
Clustering [[0.0, 2585.0, 3868.0, 1747.0], [0.0, 2879.0, 3367.0, 1954.0], [0.0, 1639.0, 5504.0, 1057.0], [0.0, 2860.0, 3437.0, 1903.0]]
DecisionTable [[2434.0, 1674.0, 1460.0, 2632.0], [1131.0, 3809.0, 1267.0, 1993.0], [1236.0, 1115.0, 5154.0, 695.0], [2192.0, 2074.0, 884.0, 3050.0]]
END [[1846.0, 1722.0, 1587.0, 3045.0], [922.0, 3919.0, 1324.0, 2035.0], [885.0, 1041.0, 5322.0, 952.0], [1766.0, 2156.0, 943.0, 3335.0]]
J48 [[2168.0, 1552.0, 1476.0, 3004.0], [1066.0, 3793.0, 1304.0, 2037.0], [1145.0, 1076.0, 5218.0, 761.0], [1939.0, 1999.0, 902.0, 3360.0]]
LogitBoost [[1713.0, 1561.0, 1754.0, 3172.0], [847.0, 3694.0, 1412.0, 2247.0], [958.0, 879.0, 5524.0, 839.0], [1582.0, 1972.0, 1088.0, 3558.0]]
NaiveBayes [[1896.0, 1446.0, 1908.0, 2950.0], [836.0, 3377.0, 1628.0, 2359.0], [850.0, 807.0, 5896.0, 647.0], [1726.0, 1655.0, 1252.0, 3567.0]]
Regression [[1809.0, 1508.0, 1442.0, 3441.0], [920.0, 3707.0, 1298.0, 2275.0], [950.0, 997.0, 5276.0, 977.0], [1572.0, 1786.0, 932.0, 3910.0]]
RotationForest [[1767.0, 1238.0, 1663.0, 3532.0], [849.0, 3170.0, 1474.0, 2707.0], [931.0, 891.0, 5526.0, 852.0], [1557.0, 1488.0, 1031.0, 4124.0]]
SMO [[2878.0, 1895.0, 1994.0, 1433.0], [2212.0, 2171.0, 1840.0, 1977.0], [1526.0, 429.0, 5993.0, 252.0], [2688.0, 2348.0, 1275.0, 1889.0]]
    Classifier | Test #1 | Test #2 | Test #3 | Test #4 | Test #5 | Test #6 | Test #7 | Test #8 | Test #9 | Test #10 | Correct | Kappa 
---------------+---------+---------+---------+---------+---------+---------+---------+---------+---------+----------+---------+-------
       Bagging |   41,77 |   41,16 |   42,13 |   40,37 |   42,35 |   39,88 |   42,80 |   42,59 |   42,47 |    42,84 |   41,84 | 0,224 
    Clustering |   32,35 |   31,62 |   31,34 |   31,59 |   31,89 |   29,88 |   30,76 |   30,85 |   32,07 |    31,25 |   31,36 | 0,085 
 DecisionTable |   43,45 |   44,33 |   44,36 |   44,63 |   43,14 |   44,18 |   44,42 |   44,30 |   44,57 |    43,08 |   44,05 | 0,254 
           END |   44,21 |   44,02 |   44,18 |   44,70 |   43,54 |   44,15 |   43,90 |   43,99 |   44,12 |    42,90 |   43,97 | 0,253 
           J48 |   43,99 |   44,05 |   43,29 |   44,82 |   43,96 |   43,60 |   44,66 |   45,03 |   45,40 |    44,45 |   44,33 | 0,258 
    LogitBoost |   44,18 |   43,63 |   44,30 |   45,18 |   43,96 |   44,27 |   45,18 |   43,41 |   43,32 |    44,30 |   44,17 | 0,256 
    NaiveBayes |   44,97 |   45,46 |   44,48 |   43,90 |   44,51 |   45,15 |   45,21 |   45,18 |   45,37 |    45,03 |   44,93 | 0,266 
    Regression |   44,73 |   44,27 |   46,10 |   44,39 |   43,48 |   43,60 |   44,97 |   46,01 |   45,37 |    45,34 |   44,82 | 0,264 
RotationForest |   44,66 |   44,36 |   45,21 |   43,93 |   44,21 |   43,90 |   44,05 |   46,31 |   44,73 |    43,35 |   44,47 | 0,260 
           SMO |   40,18 |   39,30 |   38,20 |   40,15 |   39,57 |   39,05 |   38,69 |   40,09 |   39,82 |    39,18 |   39,42 | 0,192 


Bagging [[2648.0, 1356.0, 1364.0, 2832.0], [1246.0, 3962.0, 1308.0, 1684.0], [1184.0, 995.0, 5178.0, 843.0], [2541.0, 1728.0, 897.0, 3034.0]]
Clustering [[0.0, 0.0, 1244.0, 6956.0], [0.0, 0.0, 1769.0, 6431.0], [0.0, 0.0, 5313.0, 2887.0], [0.0, 0.0, 746.0, 7454.0]]
DecisionTable [[2042.0, 1316.0, 1459.0, 3383.0], [991.0, 3609.0, 1313.0, 2287.0], [1189.0, 891.0, 5217.0, 903.0], [1875.0, 1630.0, 870.0, 3825.0]]
END [[2037.0, 1391.0, 1426.0, 3346.0], [889.0, 4054.0, 1317.0, 1940.0], [1021.0, 925.0, 5322.0, 932.0], [1919.0, 1760.0, 883.0, 3638.0]]
J48 [[2690.0, 1588.0, 1403.0, 2519.0], [1752.0, 3284.0, 1335.0, 1829.0], [1485.0, 1369.0, 4251.0, 1095.0], [2604.0, 1783.0, 1097.0, 2716.0]]
LogitBoost [[1984.0, 1460.0, 1267.0, 3489.0], [911.0, 4177.0, 1172.0, 1940.0], [1094.0, 971.0, 5100.0, 1035.0], [1753.0, 1836.0, 755.0, 3856.0]]
NaiveBayes [[1375.0, 413.0, 1016.0, 5396.0], [584.0, 1465.0, 1191.0, 4960.0], [1194.0, 778.0, 4767.0, 1461.0], [1086.0, 353.0, 527.0, 6234.0]]
Regression [[2274.0, 1663.0, 1417.0, 2846.0], [723.0, 4649.0, 1264.0, 1564.0], [963.0, 999.0, 5578.0, 660.0], [1901.0, 1983.0, 907.0, 3409.0]]
RotationForest [[2742.0, 1404.0, 1250.0, 2804.0], [1312.0, 3904.0, 1264.0, 1720.0], [1281.0, 991.0, 5008.0, 920.0], [2530.0, 1689.0, 853.0, 3128.0]]
SMO [[1989.0, 1470.0, 1200.0, 3541.0], [599.0, 4097.0, 1207.0, 2297.0], [1108.0, 1161.0, 5235.0, 696.0], [1552.0, 1698.0, 768.0, 4182.0]]
    Classifier | Test #1 | Test #2 | Test #3 | Test #4 | Test #5 | Test #6 | Test #7 | Test #8 | Test #9 | Test #10 | Correct | Kappa 
---------------+---------+---------+---------+---------+---------+---------+---------+---------+---------+----------+---------+-------
       Bagging |   45,37 |   44,24 |   44,21 |   46,77 |   44,66 |   44,79 |   45,21 |   44,70 |   45,55 |    46,40 |   45,19 | 0,269 
    Clustering |   39,05 |   38,75 |   39,15 |   39,70 |   38,99 |   38,78 |   39,18 |   38,90 |   38,20 |    38,54 |   38,92 | 0,186 
 DecisionTable |   44,36 |   45,00 |   43,96 |   46,37 |   43,75 |   43,93 |   45,34 |   44,97 |   45,40 |    44,88 |   44,80 | 0,264 
           END |   45,30 |   44,12 |   45,46 |   44,60 |   45,85 |   46,04 |   46,65 |   46,92 |   47,16 |    46,77 |   45,89 | 0,278 
           J48 |   38,93 |   39,51 |   40,15 |   39,39 |   39,57 |   38,26 |   40,03 |   38,32 |   39,91 |    40,46 |   39,45 | 0,193 
    LogitBoost |   47,50 |   45,70 |   45,52 |   46,25 |   46,10 |   46,07 |   45,70 |   45,49 |   46,43 |    46,13 |   46,09 | 0,281 
    NaiveBayes |   42,62 |   41,46 |   41,77 |   43,38 |   42,44 |   41,95 |   42,59 |   41,74 |   42,23 |    41,80 |   42,20 | 0,229 
    Regression |   47,41 |   46,68 |   50,00 |   49,48 |   48,75 |   49,18 |   48,75 |   49,09 |   48,45 |    47,29 |   48,51 | 0,313 
RotationForest |   46,65 |   45,27 |   44,79 |   45,15 |   42,90 |   46,77 |   44,76 |   45,00 |   44,42 |    44,97 |   45,07 | 0,268 
           SMO |   49,09 |   47,29 |   46,49 |   48,17 |   46,25 |   48,60 |   46,83 |   45,79 |   46,77 |    47,38 |   47,27 | 0,297 


    Classifier | Correct #0 | Correct #1 
---------------+------------+------------
       Bagging |      41,84 |      45,19 
    Clustering |      31,36 |      38,92 
 DecisionTable |      44,05 |      44,80 
           END |      43,97 |      45,89 
           J48 |      44,33 |      39,45 
    LogitBoost |      44,17 |      46,09 
    NaiveBayes |      44,93 |      42,20 
    Regression |      44,82 |      48,51 
RotationForest |      44,47 |      45,07 
           SMO |      39,42 |      47,27 
