    Classifier | Test #1 | Test #2 | Test #3 | Test #4 | Test #5 | Test #6 | Test #7 | Test #8 | Test #9 | Test #10 | Correct | Kappa 
---------------+---------+---------+---------+---------+---------+---------+---------+---------+---------+----------+---------+-------
       Bagging |   55,47 |   59,38 |   65,63 |   58,59 |   58,59 |   55,47 |   47,66 |   57,81 |   64,84 |    57,03 |   58,05 | 0,441 
    Clustering |   44,53 |   44,53 |   45,31 |   46,88 |   43,75 |   46,09 |   49,22 |   45,31 |   46,09 |    44,53 |   45,63 | 0,275 
 DecisionTable |   53,91 |   52,34 |   57,03 |   58,59 |   60,16 |   60,94 |   53,91 |   64,06 |   62,50 |    54,69 |   57,81 | 0,438 
           END |   59,38 |   60,94 |   56,25 |   60,94 |   61,72 |   64,84 |   53,91 |   57,81 |   64,06 |    54,69 |   59,45 | 0,459 
           IBk |   64,06 |   55,47 |   61,72 |   51,56 |   60,94 |   56,25 |   56,25 |   57,81 |   51,56 |    53,13 |   56,88 | 0,425 
           J48 |   60,94 |   53,91 |   55,47 |   63,28 |   52,34 |   63,28 |   58,59 |   61,72 |   59,38 |    60,94 |   58,98 | 0,453 
    LogitBoost |   59,38 |   53,13 |   57,81 |   53,13 |   64,06 |   66,41 |   57,81 |   59,38 |   59,38 |    57,81 |   58,83 | 0,451 
    NaiveBayes |   60,94 |   58,59 |   54,69 |   58,59 |   64,84 |   60,94 |   59,38 |   63,28 |   56,25 |    61,72 |   59,92 | 0,466 
    Regression |   60,16 |   54,69 |   57,81 |   60,94 |   57,03 |   60,16 |   56,25 |   56,25 |   64,06 |    59,38 |   58,67 | 0,449 
RotationForest |   63,28 |   58,59 |   63,28 |   60,16 |   56,25 |   66,41 |   55,47 |   55,47 |   57,03 |    52,34 |   58,83 | 0,451 
           SMO |   60,16 |   60,94 |   61,72 |   60,16 |   61,72 |   60,94 |   64,06 |   53,13 |   61,72 |    65,63 |   61,02 | 0,480 


    Classifier | Test #1 | Test #2 | Test #3 | Test #4 | Test #5 | Test #6 | Test #7 | Test #8 | Test #9 | Test #10 | Correct | Kappa 
---------------+---------+---------+---------+---------+---------+---------+---------+---------+---------+----------+---------+-------
       Bagging |   57,03 |   59,38 |   64,06 |   66,41 |   60,16 |   53,91 |   63,28 |   61,72 |   53,91 |    57,03 |   59,69 | 0,463 
    Clustering |   35,94 |   36,72 |   35,16 |   42,19 |   39,84 |   39,84 |   39,84 |   36,72 |   34,38 |    33,59 |   37,42 | 0,166 
 DecisionTable |   59,38 |   50,78 |   64,06 |   60,16 |   61,72 |   54,69 |   62,50 |   60,94 |   62,50 |    64,84 |   60,16 | 0,469 
           END |   63,28 |   53,91 |   61,72 |   49,22 |   61,72 |   67,19 |   51,56 |   65,63 |   60,94 |    59,38 |   59,45 | 0,459 
           IBk |   49,22 |   57,81 |   51,56 |   54,69 |   53,91 |   58,59 |   53,13 |   52,34 |   54,69 |    53,13 |   53,91 | 0,385 
           J48 |   62,50 |   53,91 |   56,25 |   58,59 |   54,69 |   54,69 |   54,69 |   60,16 |   46,09 |    56,25 |   55,78 | 0,410 
    LogitBoost |   65,63 |   65,63 |   66,41 |   66,41 |   61,72 |   60,94 |   53,91 |   54,69 |   55,47 |    61,72 |   61,25 | 0,483 
    NaiveBayes |   60,16 |   55,47 |   57,81 |   60,16 |   58,59 |   66,41 |   57,81 |   57,81 |   60,16 |    64,06 |   59,84 | 0,465 
    Regression |   60,16 |   49,22 |   57,81 |   59,38 |   54,69 |   67,19 |   56,25 |   60,16 |   64,84 |    64,06 |   59,38 | 0,458 
RotationForest |   56,25 |   47,66 |   54,69 |   53,91 |   50,78 |   59,38 |   52,34 |   61,72 |   51,56 |    65,63 |   55,39 | 0,405 
           SMO |   68,75 |   49,22 |   61,72 |   45,31 |   60,94 |   59,38 |   60,94 |   62,50 |   60,16 |    62,50 |   59,14 | 0,455 


    Classifier | Correct #0 | Correct #1 
---------------+------------+------------
       Bagging |      58,05 |      59,69 
    Clustering |      45,63 |      37,42 
 DecisionTable |      57,81 |      60,16 
           END |      59,45 |      59,45 
           IBk |      56,88 |      53,91 
           J48 |      58,98 |      55,78 
    LogitBoost |      58,83 |      61,25 
    NaiveBayes |      59,92 |      59,84 
    Regression |      58,67 |      59,38 
RotationForest |      58,83 |      55,39 
           SMO |      61,02 |      59,14 
