    Classifier | Test #1 | Test #2 | Test #3 | Test #4 | Test #5 | Test #6 | Test #7 | Test #8 | Test #9 | Test #10 | Correct | Kappa 
---------------+---------+---------+---------+---------+---------+---------+---------+---------+---------+----------+---------+-------
       Bagging |   43,75 |   47,66 |   51,56 |   47,66 |   42,97 |   53,91 |   40,63 |   49,22 |   41,41 |    47,66 |   46,64 | 0,289 
    Clustering |   42,97 |   44,53 |   42,19 |   45,31 |   44,53 |   42,19 |   44,53 |   39,84 |   42,97 |    42,19 |   43,13 | 0,242 
 DecisionTable |   46,09 |   50,00 |   43,75 |   50,00 |   46,88 |   41,41 |   47,66 |   50,78 |   48,44 |    44,53 |   46,95 | 0,293 
           END |   48,44 |   45,31 |   47,66 |   45,31 |   48,44 |   50,00 |   44,53 |   45,31 |   47,66 |    43,75 |   46,64 | 0,289 
           IBk |   39,84 |   40,63 |   45,31 |   44,53 |   39,06 |   42,97 |   45,31 |   44,53 |   40,63 |    49,22 |   43,20 | 0,243 
           J48 |   49,22 |   50,78 |   46,88 |   41,41 |   48,44 |   47,66 |   40,63 |   46,88 |   46,88 |    50,78 |   46,95 | 0,293 
    LogitBoost |   46,88 |   42,97 |   54,69 |   48,44 |   50,00 |   43,75 |   49,22 |   42,19 |   45,31 |    45,31 |   46,88 | 0,292 
    NaiveBayes |   49,22 |   50,00 |   45,31 |   51,56 |   47,66 |   53,91 |   49,22 |   47,66 |   39,84 |    49,22 |   48,36 | 0,311 
    Regression |   42,97 |   50,00 |   50,00 |   50,00 |   43,75 |   49,22 |   50,00 |   49,22 |   47,66 |    46,88 |   47,97 | 0,306 
RotationForest |   47,66 |   50,00 |   50,78 |   46,88 |   46,88 |   48,44 |   50,00 |   49,22 |   40,63 |    49,22 |   47,97 | 0,306 
           SMO |   48,44 |   42,19 |   46,09 |   49,22 |   50,78 |   50,78 |   43,75 |   49,22 |   41,41 |    51,56 |   47,34 | 0,298 


    Classifier | Test #1 | Test #2 | Test #3 | Test #4 | Test #5 | Test #6 | Test #7 | Test #8 | Test #9 | Test #10 | Correct | Kappa 
---------------+---------+---------+---------+---------+---------+---------+---------+---------+---------+----------+---------+-------
       Bagging |   39,84 |   49,22 |   49,22 |   42,19 |   46,88 |   50,78 |   49,22 |   46,88 |   42,19 |    51,56 |   46,80 | 0,291 
    Clustering |   39,84 |   43,75 |   40,63 |   39,84 |   37,50 |   42,19 |   38,28 |   42,97 |   39,84 |    44,53 |   40,94 | 0,213 
 DecisionTable |   43,75 |   44,53 |   46,09 |   45,31 |   53,91 |   56,25 |   46,88 |   44,53 |   42,19 |    53,91 |   47,73 | 0,303 
           END |   45,31 |   42,97 |   45,31 |   50,00 |   41,41 |   46,09 |   44,53 |   43,75 |   42,97 |    46,09 |   44,84 | 0,265 
           IBk |   41,41 |   41,41 |   35,94 |   43,75 |   52,34 |   45,31 |   41,41 |   32,03 |   34,38 |    41,41 |   40,94 | 0,213 
           J48 |   45,31 |   37,50 |   39,84 |   42,97 |   42,19 |   36,72 |   42,97 |   46,09 |   39,06 |    37,50 |   41,02 | 0,214 
    LogitBoost |   50,00 |   40,63 |   42,19 |   48,44 |   50,00 |   54,69 |   45,31 |   46,88 |   42,97 |    40,63 |   46,17 | 0,282 
    NaiveBayes |   46,09 |   42,97 |   46,09 |   46,88 |   47,66 |   42,97 |   49,22 |   54,69 |   54,69 |    49,22 |   48,05 | 0,307 
    Regression |   48,44 |   50,78 |   41,41 |   43,75 |   43,75 |   42,97 |   57,81 |   45,31 |   42,97 |    42,97 |   46,02 | 0,280 
RotationForest |   42,97 |   35,94 |   44,53 |   42,19 |   44,53 |   39,06 |   41,41 |   37,50 |   43,75 |    39,06 |   41,09 | 0,215 
           SMO |   44,53 |   46,88 |   46,09 |   53,13 |   50,00 |   45,31 |   49,22 |   46,09 |   42,19 |    46,09 |   46,95 | 0,293 


    Classifier | Correct #0 | Correct #1 
---------------+------------+------------
       Bagging |      46,64 |      46,80 
    Clustering |      43,13 |      40,94 
 DecisionTable |      46,95 |      47,73 
           END |      46,64 |      44,84 
           IBk |      43,20 |      40,94 
           J48 |      46,95 |      41,02 
    LogitBoost |      46,88 |      46,17 
    NaiveBayes |      48,36 |      48,05 
    Regression |      47,97 |      46,02 
RotationForest |      47,97 |      41,09 
           SMO |      47,34 |      46,95 
