    Classifier | Test #1 | Test #2 | Test #3 | Test #4 | Test #5 | Test #6 | Test #7 | Test #8 | Test #9 | Test #10 | Correct | Kappa 
---------------+---------+---------+---------+---------+---------+---------+---------+---------+---------+----------+---------+-------
       Bagging |   49,22 |   50,00 |   49,22 |   46,88 |   43,75 |   46,88 |   50,00 |   53,13 |   53,13 |    50,78 |   49,30 | 0,324 
    Clustering |   47,66 |   47,66 |   48,44 |   46,88 |   47,66 |   48,44 |   48,44 |   45,31 |   46,09 |    48,44 |   47,50 | 0,300 
 DecisionTable |   52,34 |   47,66 |   50,78 |   55,47 |   52,34 |   47,66 |   56,25 |   50,78 |   53,13 |    45,31 |   51,17 | 0,349 
           END |   57,81 |   52,34 |   49,22 |   57,03 |   60,94 |   52,34 |   52,34 |   60,94 |   57,03 |    53,91 |   55,39 | 0,405 
           IBk |   48,44 |   45,31 |   57,81 |   57,03 |   48,44 |   50,78 |   49,22 |   47,66 |   41,41 |    49,22 |   49,53 | 0,327 
           J48 |   52,34 |   53,91 |   56,25 |   50,00 |   50,00 |   51,56 |   53,13 |   53,91 |   52,34 |    53,91 |   52,73 | 0,370 
    LogitBoost |   59,38 |   61,72 |   53,91 |   53,91 |   53,91 |   49,22 |   47,66 |   53,13 |   50,00 |    51,56 |   53,44 | 0,379 
    NaiveBayes |   59,38 |   54,69 |   50,78 |   59,38 |   53,13 |   56,25 |   60,94 |   60,94 |   60,94 |    60,94 |   57,73 | 0,436 
    Regression |   63,28 |   55,47 |   57,03 |   54,69 |   53,91 |   50,78 |   53,13 |   54,69 |   53,13 |    52,34 |   54,84 | 0,398 
RotationForest |   63,28 |   46,09 |   52,34 |   60,16 |   57,81 |   60,16 |   57,03 |   53,91 |   54,69 |    63,28 |   56,88 | 0,425 
           SMO |   57,03 |   59,38 |   57,03 |   50,78 |   59,38 |   54,69 |   56,25 |   54,69 |   49,22 |    53,13 |   55,16 | 0,402 


    Classifier | Test #1 | Test #2 | Test #3 | Test #4 | Test #5 | Test #6 | Test #7 | Test #8 | Test #9 | Test #10 | Correct | Kappa 
---------------+---------+---------+---------+---------+---------+---------+---------+---------+---------+----------+---------+-------
       Bagging |   58,59 |   51,56 |   58,59 |   46,09 |   57,81 |   57,03 |   53,91 |   52,34 |   57,03 |    56,25 |   54,92 | 0,399 
    Clustering |   38,28 |   36,72 |   37,50 |   37,50 |   34,38 |   32,03 |   39,06 |   34,38 |   36,72 |    37,50 |   36,41 | 0,152 
 DecisionTable |   59,38 |   50,78 |   56,25 |   53,13 |   62,50 |   49,22 |   52,34 |   50,00 |   59,38 |    50,00 |   54,30 | 0,391 
           END |   50,00 |   51,56 |   54,69 |   54,69 |   53,13 |   53,13 |   50,00 |   45,31 |   54,69 |    50,00 |   51,72 | 0,356 
           IBk |   53,91 |   42,97 |   41,41 |   41,41 |   45,31 |   42,97 |   46,09 |   51,56 |   47,66 |    48,44 |   46,17 | 0,282 
           J48 |   53,91 |   46,88 |   56,25 |   41,41 |   57,03 |   47,66 |   51,56 |   54,69 |   53,91 |    52,34 |   51,56 | 0,354 
    LogitBoost |   57,03 |   55,47 |   51,56 |   54,69 |   55,47 |   50,78 |   49,22 |   60,16 |   53,91 |    56,25 |   54,45 | 0,393 
    NaiveBayes |   48,44 |   46,09 |   59,38 |   50,00 |   54,69 |   53,13 |   54,69 |   54,69 |   55,47 |    48,44 |   52,50 | 0,367 
    Regression |   52,34 |   49,22 |   55,47 |   53,13 |   55,47 |   48,44 |   61,72 |   57,81 |   49,22 |    46,88 |   52,97 | 0,373 
RotationForest |   48,44 |   55,47 |   53,13 |   52,34 |   46,09 |   49,22 |   45,31 |   45,31 |   46,88 |    56,25 |   49,84 | 0,331 
           SMO |   55,47 |   47,66 |   54,69 |   44,53 |   53,13 |   57,03 |   50,78 |   60,16 |   57,81 |    50,78 |   53,20 | 0,376 


    Classifier | Correct #0 | Correct #1 
---------------+------------+------------
       Bagging |      49,30 |      54,92 
    Clustering |      47,50 |      36,41 
 DecisionTable |      51,17 |      54,30 
           END |      55,39 |      51,72 
           IBk |      49,53 |      46,17 
           J48 |      52,73 |      51,56 
    LogitBoost |      53,44 |      54,45 
    NaiveBayes |      57,73 |      52,50 
    Regression |      54,84 |      52,97 
RotationForest |      56,88 |      49,84 
           SMO |      55,16 |      53,20 
