LAbsMean
LevenshteinDistanceMean
KendallTauMean
CanberraDistanceMean
CayleyDistanceMean
LSquareMean
LevenshteinDistanceKurtosis
CanberraDistanceMin
LAbsMin
LevenshteinDistanceStandardDeviation
class

Bagging
  931    57     5     5     2     0 
   82   805     3    50    37    23 
  139    49   618    72   109    13 
  131   135    70   200   375    89 
   16   100    60   269   420   135 
    1    20     4    30    49   896 
0.634
0.5740
64.50%

DecisionTable
  934    62     1     1     2     0 
   94   810     0    49    23    24 
  144    66   617    49   104    20 
  137   167    64   120   418    94 
   25   115    44   141   528   147 
    3    23     4    16    70   884 
0.635
0.5786
64.88%

IBk
  945    54     0     1     0     0 
  100   809     2    41    30    18 
  140    58   615    79    97    11 
  138   153    66   218   343    82 
   19   116    57   253   434   121 
    1    18     7    27    43   904 
0.644
0.5850
65.42%

J48
  833    75    32    52     8     0 
   78   747    38    80    39    18 
  118    55   609    72   136    10 
  109   128   103   169   418    73 
   17    96    65   142   557   123 
    1    28     9    39    79   844 
0.616
0.5518
62.65%

LogitBoost
  932    65     2     0     1     0 
   87   843     0    42     7    21 
  139    61   613    63   109    15 
  135   162    58   153   390   102 
   20   120    43   152   523   142 
    1    25     3    25    45   901 
0.649
0.5930
66.08%

NaiveBayes
  971    28     0     1     0     0 
  187   730     0    62     9    12 
  149    64   645    55    76    11 
  156   148   101   155   332   108 
   24   123   120   156   426   151 
    1     9    15    15    81   879 
0.618
0.5612
63.43%

ClassificationViaRegression
  942    56     0     2     0     0 
   83   830     2    35    33    17 
  141    52   623    52   117    15 
  140   134    63   128   438    97 
   17   102    48   134   563   136 
    1    22     5     6    41   925 
0.655
0.6022
66.85%

SMO
  967    33     0     0     0     0 
  163   763     0    29    22    23 
  147    60   599    38   144    12 
  151   140    50   127   436    96 
   24   120    41   109   570   136 
    1    17     2     0    54   926 
0.651
0.5904
65.87%

