KendallTauMean
LAbsMean
CanberraDistanceMean
LSquareMean
LAbsMin
LevenshteinDistanceMean
KendallTauMin
CanberraDistanceMin
LSquareMin
LevenshteinDistanceMin
class

Bagging
  901    96     2     0     1     0 
  130   764     4    52    25    25 
  128    68   610    84    97    13 
  131   131    59   248   354    77 
   19    88    58   258   453   124 
    1    22     3    29    40   905 
0.640
0.5762
64.68%

DecisionTable
  908    90     0     1     1     0 
  152   733     0    58    30    27 
  142    58   615    49   118    18 
  133   139    68   143   425    92 
   28    85    59   124   556   148 
    6    21     5    13    86   869 
0.628
0.5648
63.73%

IBk
  911    88     0     1     0     0 
  139   750     3    59    17    32 
  137    66   622    62   103    10 
  130   157    60   240   329    84 
   20   107    56   220   457   140 
    1    23     8    24    37   907 
0.640
0.5774
64.78%

J48
  792   109    49    44     6     0 
  116   666    41   105    47    25 
  112    61   605    81   127    14 
  103   146    89   190   396    76 
   19    83    90   181   517   110 
    0    31    12    45    74   838 
0.593
0.5216
60.13%

LogitBoost
  894   103     0     3     0     0 
  128   809     0    42     3    18 
  126    77   612    76    89    20 
  131   183    58   174   336   118 
   21   120    52   170   479   158 
    0    36     4    38    22   900 
0.634
0.5736
64.47%

NaiveBayes
  940    59     0     1     0     0 
  197   717     0    54    19    13 
  146    66   640    31    87    30 
  148   150    97    94   325   186 
   24   117   115    83   385   276 
    1    18    50    14    53   864 
0.586
0.5280
60.67%

ClassificationViaRegression
  915    84     0     1     0     0 
  133   780     0    43    15    29 
  131    69   623    56   102    19 
  129   167    67   132   403   102 
   20   114    56   118   539   153 
    1    23     4     7    32   933 
0.641
0.5844
65.37%

SMO
  937    62     0     1     0     0 
  170   740     0    36    21    33 
  142    59   580    36   168    15 
  141   140    63    83   471   102 
   22   112    61    78   573   154 
    1    23     1     0    43   932 
0.628
0.5690
64.08%

