LSquareStandardDeviation
KendallTauStandardDeviation
CanberraDistanceStandardDeviation
LAbsStandardDeviation
KendallTauMean
CanberraDistanceMin
LMaxStandardDeviation
LSquareMin
CanberraDistanceKurtosis
LMaxMin
class

Bagging
  549   151   121    76    77    26 
   10   803    54    67    64     2 
  155   202   212   186   157    88 
  108   258   205   187   149    93 
  116   266   171   178   173    96 
   20    10    28    27    26   889 
0.449
0.3626
46.88%

DecisionTable
  553   159   112    85    58    33 
    6   878     8    64    43     1 
  147   217   205   190   132   109 
  105   280   203   181   124   107 
  109   298   179   163   140   111 
   34    14    45    10    13   884 
0.450
0.3682
47.35%

IBk
  558   160   110    79    73    20 
    4   873    35    45    42     1 
  157   235   195   178   148    87 
  120   263   191   203   131    92 
  125   303   181   157   138    96 
   27    10    29    23    25   886 
0.453
0.3706
47.55%

J48
  491   101   160   126   101    21 
   90   523   110   129   147     1 
  191   132   211   198   193    75 
  144   147   237   206   189    77 
  167   173   184   196   200    80 
   30     7    54    42    49   818 
0.401
0.2898
40.82%

LogitBoost
  530   173    75   135    69    18 
    0   928    11    40    19     2 
  130   251   192   207   127    93 
  101   324   148   201   123   103 
   90   340   135   207   127   101 
   41    12    26    14    26   881 
0.456
0.3718
47.65%

NaiveBayes
  611   226    50    70    14    29 
    0   921     0    52    23     4 
  206   331    69   173    59   162 
  165   390    50   180    61   154 
  158   389    49   181    64   159 
   40    10     9     4    16   921 
0.430
0.3532
46.10%

ClassificationViaRegression
  571   169   123    87    20    30 
    0   915    26    40    15     4 
  151   235   308   158    34   114 
  113   294   286   153    46   108 
  111   321   285   132    37   114 
   25    13    37     6     4   915 
0.453
0.3798
48.32%

SMO
  591   181    41    69    93    25 
    0   941     0    21    35     3 
  167   258    59   154   231   131 
  120   316    56   166   217   125 
  119   345    67   129   218   122 
   32    12     6     5    28   917 
0.452
0.3784
48.20%

