CanberraDistanceSkewness
LevenshteinDistanceSkewness
LevenshteinDistanceStandardDeviation
KendallTauKurtosis
LAbsKurtosis
LAbsStandardDeviation
KendallTauStandardDeviation
CanberraDistanceStandardDeviation
CanberraDistanceKurtosis
KendallTauMin
class

Bagging
  566   162    96    73    82    21 
   14   787    48    71    79     1 
  161   229   206   189   134    81 
  111   281   205   163   146    94 
  116   295   192   168   135    94 
   20    11    34    19    24   892 
0.436
0.3498
45.82%

DecisionTable
  583   194    85    83    35    20 
    8   854    43    62    33     0 
  178   285   183   167    88    99 
  123   343   192   145    84   113 
  133   358   178   158    75    98 
   43    14    23    13    25   882 
0.425
0.3444
45.37%

IBk
  571   178   123    61    55    12 
    8   832    52    49    57     2 
  162   253   231   161   110    83 
  117   307   204   168   110    94 
  111   336   197   160    97    99 
   23    12    32    24    11   898 
0.443
0.3594
46.62%

J48
  513   113   134   112   109    19 
   78   473   147   149   147     6 
  204   127   204   223   165    77 
  149   192   217   206   158    78 
  177   207   203   182   149    82 
   26     6    52    44    70   802 
0.383
0.2694
39.12%

LogitBoost
  567   191    93    61    68    20 
    4   873    39    40    43     1 
  177   265   184   122   164    88 
  132   331   174   111   155    97 
  117   345   180   113   153    92 
   21    11    41     7    31   889 
0.438
0.3554
46.28%

NaiveBayes
  572   294    83    24    14    13 
    0   947     0    30    19     4 
  157   482   122    43    76   120 
  118   540    89    61    68   124 
  124   514    97    68    70   127 
   19    13    30     4    19   915 
0.426
0.3374
44.78%

ClassificationViaRegression
  601   200   114    42    22    21 
    0   920    28    33    15     4 
  220   279   248    73    73   107 
  165   347   242    72    64   110 
  151   369   210    78    75   117 
   25    13    33     4     8   917 
0.441
0.3666
47.22%

SMO
  574   209    84    49    63    21 
    0   932     3    19    43     3 
  149   297   163   126   160   105 
  111   366   130   125   158   110 
  108   381   134   103   162   112 
   19    12    21     3    28   917 
0.456
0.3746
47.88%

