LevenshteinDistanceMean
CayleyDistanceMean
CanberraDistanceMean
LAbsMean
KendallTauMean
LSquareMean
CayleyDistanceMin
CanberraDistanceMin
CayleyDistanceStandardDeviation
LevenshteinDistanceMax
class

Bagging
  792   178     4    12    14     0 
  247   568     0    72    84    29 
   38    30   788    70    50    24 
   90   165    88   304   259    94 
   32   152    67   293   272   184 
    3    27    16    46    78   830 
0.583
0.5108
59.23%

DecisionTable
  827   160     2     3     8     0 
  295   551     0    40    81    33 
   47    36   778    68    45    26 
   98   181    98   246   272   105 
   32   181    64   251   292   180 
   14    31    13    30   102   810 
0.574
0.5008
58.40%

IBk
  818   161     5     3    13     0 
  270   576     1    55    70    28 
   36    37   792    74    38    23 
   86   197    92   303   232    90 
   31   184    57   285   269   174 
    3    29    18    31    88   831 
0.588
0.5178
59.82%

J48
  731   170    20    52    26     1 
  265   461    16   123   108    27 
   39    30   771    84    52    24 
   94   142   116   262   299    87 
   53   132   102   244   299   170 
    3    44    31    75    97   750 
0.537
0.4548
54.57%

LogitBoost
  845   140     3     9     3     0 
  314   555     0    49    60    22 
   42    31   800    64    36    27 
  103   187    94   253   264    99 
   35   201    60   266   267   171 
    4    32    14    24   123   803 
0.576
0.5046
58.72%

NaiveBayes
  808   180     4     0     8     0 
  299   608     0     0    59    34 
   34    50   838     7    55    16 
   84   242   143    44   311   176 
   28   234    97    42   314   285 
    3    55    39     1    51   851 
0.565
0.4926
57.72%

ClassificationViaRegression
  820   158     6    11     5     0 
  217   631     0    30    89    33 
   38    31   799    56    46    30 
   95   166   100   205   310   124 
   33   157    63   200   341   206 
    3    29    18    12    58   880 
0.599
0.5352
61.27%

SMO
  880   104     4    12     0     0 
  377   495     0    71    34    23 
   41    33   805    69    29    23 
  108   180   109   350   148   105 
   42   184    80   339   155   200 
    3    32    12    20    78   855 
0.574
0.5080
59.00%

