LSquareMean
LAbsMean
CanberraDistanceMean
CanberraDistanceMin
KendallTauMean
LevenshteinDistanceMean
LAbsMin
KendallTauMin
LSquareMin
CanberraDistanceMax
class

Bagging
  754   189     3    29    20     5 
  249   587     2    69    54    39 
   25    37   789    79    53    17 
  106   100    90   323   293    88 
   42   113    60   294   317   174 
    5    37    18    37    55   848 
0.595
0.5236
60.30%

DecisionTable
  803   155     0    24    12     6 
  381   446     0    59    70    44 
   51    22   784    62    56    25 
  108   103    95   279   291   124 
   53   107    64   246   328   202 
   15    40    17    34    53   841 
0.571
0.4962
58.02%

IBk
  791   163     5    17    19     5 
  338   515     0    53    51    43 
   36    35   794    75    39    21 
  109   118    97   333   246    97 
   48   120    64   303   280   185 
    5    30    17    45    43   860 
0.586
0.5146
59.55%

J48
  661   227    13    69    24     6 
  273   504    14    93    79    37 
   24    34   757   101    60    24 
  102   105   115   297   302    79 
   50   122    82   277   322   147 
    9    34    19    91   102   745 
0.544
0.4572
54.77%

LogitBoost
  765   200     3     9    16     7 
  307   570     0    32    57    34 
   31    38   800    53    53    25 
   90   146    99   244   298   123 
   41   142    68   246   296   207 
    5    33    14    35    84   829 
0.573
0.5008
58.40%

NaiveBayes
  662   315     4     0    16     3 
  321   575     0     1    79    24 
   27    54   842     0    55    22 
   75   210   172     5   341   197 
   29   206   123     4   331   307 
    3    63    70     0    77   787 
0.529
0.4404
53.37%

ClassificationViaRegression
  774   178     4    17    24     3 
  235   614     0    60    53    38 
   32    30   793    69    52    24 
  109   103   102   268   307   111 
   56    84    64   241   358   197 
   10    33    14    23    32   888 
0.605
0.5390
61.58%

SMO
  829   140     4    22     2     3 
  369   505     0    71    17    38 
   34    37   816    65    20    28 
  118   122   137   371   149   103 
   56   122    96   360   183   183 
    5    33    13    20    62   867 
0.582
0.5142
59.52%

