CanberraDistance
    10:  0 100  0
    20:  0 99  1
    30:  0 100  0
    40:  0 100  0
    50:  0 100  0
    60:  0 100  0
    70:  0 100  0
    80:  0 100  0
    90:  0 100  0
    100:  0 100  0
KendallTau
    10:  0 100  0
    20:  0 100  0
    30:  0 100  0
    40:  0 100  0
    50:  0 100  0
    60:  0 100  0
    70:  0 100  0
    80:  0 100  0
    90:  0 100  0
    100:  0 100  0
LevenshteinDistance
    10:  0 100  0
    20:  0 100  0
    30:  0 100  0
    40:  0 100  0
    50:  0 100  0
    60:  0 100  0
    70:  0 100  0
    80:  0 100  0
    90:  0 100  0
    100:  0 100  0
CayleyDistance
    10:  0 100  0
    20:  0 100  0
    30:  0 100  0
    40:  0 100  0
    50:  0 100  0
    60:  0 100  0
    70:  1 99  0
    80:  0 100  0
    90:  0 100  0
    100:  0 100  0
LSquare
    10:  0 100  0
    20:  0 100  0
    30:  1 99  0
    40:  0 99  1
    50:  0 100  0
    60:  0 100  0
    70:  0 100  0
    80:  0 100  0
    90:  0 100  0
    100:  0 100  0
