CanberraDistance
    10: 100  0  0
    20: 100  0  0
    30: 100  0  0
    40: 100  0  0
    50: 100  0  0
    60: 100  0  0
    70: 100  0  0
    80: 100  0  0
    90: 100  0  0
    100: 100  0  0
KendallTau
    10: 100  0  0
    20: 100  0  0
    30: 100  0  0
    40: 100  0  0
    50: 100  0  0
    60: 100  0  0
    70: 100  0  0
    80: 100  0  0
    90: 100  0  0
    100: 100  0  0
LevenshteinDistance
    10: 100  0  0
    20: 100  0  0
    30: 100  0  0
    40: 100  0  0
    50: 100  0  0
    60: 100  0  0
    70: 100  0  0
    80: 100  0  0
    90: 100  0  0
    100: 100  0  0
CayleyDistance
    10: 100  0  0
    20: 100  0  0
    30: 100  0  0
    40: 100  0  0
    50: 100  0  0
    60: 100  0  0
    70: 100  0  0
    80: 100  0  0
    90: 100  0  0
    100: 100  0  0
LSquare
    10: 100  0  0
    20: 100  0  0
    30: 100  0  0
    40: 100  0  0
    50: 100  0  0
    60: 100  0  0
    70: 100  0  0
    80: 100  0  0
    90: 100  0  0
    100: 100  0  0
