    Classifier | Test #1 | Test #2 | Test #3 | Test #4 | Test #5 | Test #6 | Test #7 | Test #8 | Test #9 | Test #10 | Correct | Kappa 
---------------+---------+---------+---------+---------+---------+---------+---------+---------+---------+----------+---------+-------
       Bagging |   38,35 |   40,29 |   40,29 |   42,72 |   37,14 |   43,20 |   41,02 |   39,56 |   42,23 |    35,68 |   40,05 | 0,201 
    Clustering |   36,17 |   40,29 |   37,86 |   36,41 |   36,89 |   35,44 |   37,62 |   36,41 |   33,50 |    38,59 |   36,92 | 0,159 
 DecisionTable |   45,15 |   41,99 |   41,75 |   47,82 |   43,20 |   43,69 |   44,90 |   40,53 |   41,50 |    43,20 |   43,37 | 0,245 
           END |   45,39 |   44,17 |   46,12 |   43,93 |   47,57 |   41,99 |   46,12 |   41,99 |   44,90 |    43,69 |   44,59 | 0,261 
           IBk |   35,92 |   35,44 |   31,55 |   34,22 |   35,68 |   33,50 |   35,44 |   35,44 |   36,17 |    34,95 |   34,83 | 0,131 
           J48 |   45,39 |   44,17 |   45,39 |   43,69 |   43,45 |   41,02 |   41,75 |   42,96 |   41,99 |    41,75 |   43,16 | 0,242 
    LogitBoost |   43,45 |   40,53 |   45,63 |   44,90 |   42,23 |   44,66 |   43,69 |   42,72 |   45,87 |    42,96 |   43,67 | 0,249 
    NaiveBayes |   40,29 |   41,75 |   47,57 |   42,23 |   41,02 |   40,53 |   40,53 |   44,42 |   37,38 |    41,99 |   41,77 | 0,224 
    Regression |   47,82 |   44,90 |   46,84 |   44,90 |   44,42 |   43,20 |   42,48 |   47,57 |   44,66 |    45,63 |   45,24 | 0,270 
RotationForest |   44,42 |   42,48 |   45,63 |   43,93 |   43,69 |   42,48 |   43,20 |   42,48 |   42,23 |    44,90 |   43,54 | 0,247 
           SMO |   31,55 |   41,02 |   40,29 |   43,20 |   44,66 |   41,50 |   39,08 |   38,35 |   33,50 |    41,50 |   39,47 | 0,193 


    Classifier | Test #1 | Test #2 | Test #3 | Test #4 | Test #5 | Test #6 | Test #7 | Test #8 | Test #9 | Test #10 | Correct | Kappa 
---------------+---------+---------+---------+---------+---------+---------+---------+---------+---------+----------+---------+-------
       Bagging |   48,79 |   50,97 |   48,79 |   55,58 |   51,21 |   52,18 |   50,24 |   51,21 |   50,49 |    49,76 |   50,92 | 0,346 
    Clustering |   32,77 |   33,25 |   33,50 |   34,71 |   34,71 |   33,98 |   31,31 |   32,52 |   31,55 |    31,31 |   32,96 | 0,106 
 DecisionTable |   50,49 |   49,51 |   50,73 |   52,67 |   49,76 |   50,73 |   48,30 |   46,60 |   48,06 |    50,97 |   49,78 | 0,330 
           END |   47,82 |   50,49 |   52,18 |   51,46 |   51,94 |   53,40 |   50,24 |   48,30 |   52,43 |    50,00 |   50,83 | 0,344 
           IBk |   44,66 |   46,36 |   44,17 |   46,84 |   45,15 |   48,54 |   41,75 |   48,06 |   44,42 |    44,17 |   45,41 | 0,272 
           J48 |   48,30 |   50,24 |   49,51 |   50,49 |   49,03 |   46,36 |   47,82 |   48,54 |   48,30 |    48,30 |   48,69 | 0,316 
    LogitBoost |   50,24 |   50,24 |   51,70 |   51,46 |   52,91 |   50,24 |   50,00 |   52,43 |   51,94 |    49,76 |   51,09 | 0,348 
    NaiveBayes |   48,79 |   48,30 |   45,63 |   47,33 |   43,69 |   45,39 |   46,60 |   47,82 |   46,12 |    45,63 |   46,53 | 0,287 
    Regression |   48,54 |   53,40 |   53,88 |   51,70 |   51,94 |   51,94 |   49,51 |   51,46 |   47,82 |    52,43 |   51,26 | 0,350 
RotationForest |   52,43 |   52,43 |   52,43 |   48,06 |   48,06 |   52,43 |   49,51 |   49,03 |   42,72 |    51,21 |   49,83 | 0,331 
           SMO |   44,66 |   43,45 |   43,20 |   44,42 |   42,96 |   45,63 |   42,72 |   44,17 |   45,39 |    43,93 |   44,05 | 0,254 


    Classifier | Test #1 | Test #2 | Test #3 | Test #4 | Test #5 | Test #6 | Test #7 | Test #8 | Test #9 | Test #10 | Correct | Kappa 
---------------+---------+---------+---------+---------+---------+---------+---------+---------+---------+----------+---------+-------
       Bagging |   55,83 |   52,91 |   55,58 |   53,16 |   55,34 |   56,80 |   55,58 |   59,22 |   55,83 |    55,83 |   55,61 | 0,408 
    Clustering |   38,11 |   40,53 |   40,78 |   39,08 |   38,83 |   38,35 |   40,29 |   40,53 |   38,83 |    39,32 |   39,47 | 0,193 
 DecisionTable |   53,40 |   55,83 |   50,00 |   49,51 |   50,24 |   55,10 |   57,52 |   51,70 |   52,91 |    53,16 |   52,94 | 0,372 
           END |   55,58 |   55,34 |   52,91 |   52,91 |   54,37 |   53,64 |   48,54 |   56,80 |   54,13 |    55,34 |   53,96 | 0,386 
           IBk |   56,31 |   50,49 |   54,13 |   50,00 |   50,73 |   47,57 |   49,03 |   50,97 |   49,03 |    52,67 |   51,09 | 0,348 
           J48 |   49,03 |   50,97 |   52,18 |   54,13 |   49,27 |   50,73 |   51,70 |   50,97 |   47,82 |    51,21 |   50,80 | 0,344 
    LogitBoost |   54,13 |   51,94 |   55,10 |   54,85 |   51,70 |   54,13 |   57,28 |   55,34 |   52,67 |    56,80 |   54,39 | 0,392 
    NaiveBayes |   50,00 |   46,84 |   48,79 |   44,66 |   49,27 |   48,79 |   48,30 |   48,30 |   49,03 |    45,15 |   47,91 | 0,306 
    Regression |   56,31 |   54,61 |   53,88 |   55,10 |   53,64 |   52,67 |   58,25 |   51,21 |   56,80 |    54,13 |   54,66 | 0,395 
RotationForest |   51,94 |   53,88 |   50,00 |   55,83 |   51,70 |   49,03 |   49,51 |   55,58 |   52,67 |    50,00 |   52,01 | 0,360 
           SMO |   56,80 |   54,37 |   57,04 |   52,67 |   56,80 |   51,46 |   58,74 |   52,43 |   59,22 |    56,80 |   55,63 | 0,408 


    Classifier | Test #1 | Test #2 | Test #3 | Test #4 | Test #5 | Test #6 | Test #7 | Test #8 | Test #9 | Test #10 | Correct | Kappa 
---------------+---------+---------+---------+---------+---------+---------+---------+---------+---------+----------+---------+-------
       Bagging |   56,07 |   53,40 |   53,64 |   53,64 |   55,10 |   53,64 |   52,43 |   56,07 |   57,28 |    54,37 |   54,56 | 0,394 
    Clustering |   40,53 |   39,56 |   39,56 |   39,81 |   40,78 |   41,50 |   41,26 |   42,23 |   40,05 |    39,08 |   40,44 | 0,206 
 DecisionTable |   48,79 |   52,67 |   53,40 |   53,16 |   54,13 |   57,52 |   52,91 |   53,16 |   53,88 |    52,67 |   53,23 | 0,376 
           END |   49,51 |   54,85 |   55,10 |   52,43 |   54,13 |   52,67 |   54,61 |   55,83 |   53,88 |    57,77 |   54,08 | 0,388 
           IBk |   50,24 |   48,54 |   51,21 |   50,73 |   48,06 |   47,09 |   54,85 |   53,40 |   49,03 |    50,24 |   50,34 | 0,338 
           J48 |   46,36 |   54,61 |   46,84 |   48,54 |   50,49 |   50,49 |   47,33 |   51,46 |   50,97 |    53,16 |   50,02 | 0,334 
    LogitBoost |   57,04 |   52,67 |   56,07 |   54,13 |   56,80 |   54,61 |   56,31 |   53,40 |   52,43 |    53,16 |   54,66 | 0,395 
    NaiveBayes |   46,84 |   46,84 |   46,84 |   49,76 |   50,24 |   43,93 |   49,51 |   46,60 |   50,49 |    49,27 |   48,03 | 0,307 
    Regression |   51,70 |   55,10 |   51,21 |   53,64 |   52,43 |   56,55 |   51,70 |   56,80 |   55,58 |    55,10 |   53,98 | 0,386 
RotationForest |   50,97 |   51,21 |   51,94 |   50,00 |   49,51 |   52,91 |   46,84 |   54,13 |   54,13 |    50,97 |   51,26 | 0,350 
           SMO |   52,18 |   54,13 |   52,67 |   53,40 |   56,07 |   53,88 |   57,04 |   55,58 |   50,97 |    51,21 |   53,71 | 0,383 


    Classifier | Correct #0 | Correct #1 | Correct #2 | Correct #3 
---------------+------------+------------+------------+------------
       Bagging |      40,05 |      50,92 |      55,61 |      54,56 
    Clustering |      36,92 |      32,96 |      39,47 |      40,44 
 DecisionTable |      43,37 |      49,78 |      52,94 |      53,23 
           END |      44,59 |      50,83 |      53,96 |      54,08 
           IBk |      34,83 |      45,41 |      51,09 |      50,34 
           J48 |      43,16 |      48,69 |      50,80 |      50,02 
    LogitBoost |      43,67 |      51,09 |      54,39 |      54,66 
    NaiveBayes |      41,77 |      46,53 |      47,91 |      48,03 
    Regression |      45,24 |      51,26 |      54,66 |      53,98 
RotationForest |      43,54 |      49,83 |      52,01 |      51,26 
           SMO |      39,47 |      44,05 |      55,63 |      53,71 
