    Classifier |    #1 |    #2 |    #3 |    #4 |    #5 |    #6 |    #7 |    #8 |    #9 |   #10 | Correct | Kappa 
---------------+-------+-------+-------+-------+-------+-------+-------+-------+-------+-------+---------+-------
       Bagging | 62,50 | 65,00 | 47,50 | 50,00 | 57,50 | 57,50 | 62,50 | 47,50 | 70,00 | 65,00 |   58,50 | 0,447 
    Clustering | 42,50 | 35,00 | 37,50 | 35,00 | 40,00 | 32,50 | 40,00 | 42,50 | 40,00 | 47,50 |   39,25 | 0,190 
 DecisionTable | 65,00 | 65,00 | 67,50 | 62,50 | 65,00 | 50,00 | 62,50 | 52,50 | 62,50 | 70,00 |   62,25 | 0,497 
      Decorate | 60,00 | 57,50 | 65,00 | 72,50 | 62,50 | 65,00 | 60,00 | 62,50 | 65,00 | 55,00 |   62,50 | 0,500 
           END | 57,50 | 57,50 | 55,00 | 55,00 | 62,50 | 62,50 | 60,00 | 47,50 | 72,50 | 67,50 |   59,75 | 0,463 
           IBk | 55,00 | 55,00 | 65,00 | 60,00 | 62,50 | 62,50 | 45,00 | 40,00 | 67,50 | 60,00 |   57,25 | 0,430 
           J48 | 57,50 | 70,00 | 75,00 | 50,00 | 70,00 | 62,50 | 55,00 | 60,00 | 52,50 | 62,50 |   61,50 | 0,487 
         KStar | 57,50 | 52,50 | 57,50 | 60,00 | 50,00 | 62,50 | 55,00 | 60,00 | 47,50 | 62,50 |   56,50 | 0,420 
    LogitBoost | 70,00 | 65,00 | 62,50 | 67,50 | 67,50 | 55,00 | 52,50 | 67,50 | 62,50 | 55,00 |   62,50 | 0,500 
    NaiveBayes | 67,50 | 70,00 | 70,00 | 60,00 | 65,00 | 72,50 | 65,00 | 70,00 | 72,50 | 62,50 |   67,50 | 0,567 
    Regression | 60,00 | 52,50 | 57,50 | 50,00 | 65,00 | 52,50 | 55,00 | 65,00 | 55,00 | 57,50 |   57,00 | 0,427 
RotationForest | 57,50 | 60,00 | 72,50 | 60,00 | 55,00 | 62,50 | 65,00 | 50,00 | 55,00 | 60,00 |   59,75 | 0,463 
           SMO | 65,00 | 67,50 | 62,50 | 65,00 | 65,00 | 70,00 | 67,50 | 67,50 | 55,00 | 67,50 |   65,25 | 0,537 
