    Classifier |    #1 |    #2 |    #3 |    #4 |    #5 |    #6 |    #7 |    #8 |    #9 |   #10 | Correct | Kappa 
---------------+-------+-------+-------+-------+-------+-------+-------+-------+-------+-------+---------+-------
       Bagging | 27,50 | 32,50 | 30,00 | 32,50 | 35,00 | 32,50 | 35,00 | 27,50 | 32,50 | 32,50 |   31,75 | 0,090 
    Clustering | 25,00 | 32,50 | 25,00 | 35,00 | 35,00 | 20,00 | 37,50 | 35,00 | 25,00 | 37,50 |   30,75 | 0,077 
 DecisionTable | 42,50 | 25,00 | 45,00 | 25,00 | 35,00 | 30,00 | 32,50 | 40,00 | 25,00 | 25,00 |   32,50 | 0,100 
      Decorate | 47,50 | 32,50 | 30,00 | 35,00 | 37,50 | 45,00 | 32,50 | 32,50 | 20,00 | 27,50 |   34,00 | 0,120 
           END | 25,00 | 42,50 | 35,00 | 35,00 | 37,50 | 30,00 | 40,00 | 27,50 | 45,00 | 32,50 |   35,00 | 0,133 
           IBk | 37,50 | 42,50 | 22,50 | 47,50 | 30,00 | 45,00 | 35,00 | 32,50 | 50,00 | 50,00 |   39,25 | 0,190 
           J48 | 40,00 | 37,50 | 30,00 | 32,50 | 47,50 | 32,50 | 37,50 | 30,00 | 32,50 | 35,00 |   35,50 | 0,140 
         KStar | 30,00 | 32,50 | 27,50 | 22,50 | 37,50 | 40,00 | 32,50 | 45,00 | 40,00 | 35,00 |   34,25 | 0,123 
    LogitBoost | 42,50 | 27,50 | 25,00 | 40,00 | 30,00 | 35,00 | 20,00 | 45,00 | 30,00 | 35,00 |   33,00 | 0,107 
    NaiveBayes | 42,50 | 40,00 | 35,00 | 45,00 | 37,50 | 45,00 | 42,50 | 35,00 | 32,50 | 25,00 |   38,00 | 0,173 
    Regression | 32,50 | 37,50 | 27,50 | 35,00 | 27,50 | 20,00 | 32,50 | 32,50 | 30,00 | 35,00 |   31,00 | 0,080 
RotationForest | 37,50 | 35,00 | 25,00 | 45,00 | 50,00 | 25,00 | 42,50 | 32,50 | 45,00 | 30,00 |   36,75 | 0,157 
           SMO | 45,00 | 35,00 | 35,00 | 30,00 | 30,00 | 37,50 | 30,00 | 25,00 | 45,00 | 32,50 |   34,50 | 0,127 
