         |    0,1   |    0,2   |    0,3   |    0,4   |    0,5   |    0,6   |    0,7   |    0,8   |    0,9   |    1,0   
---------+----------+----------+----------+----------+----------+----------+----------+----------+----------+----------
 5 x  10 | 40 12 12 | 20 32 12 | 15 35 14 | 15 35 14 |  9 36 19 |  7 43 14 |  8 45 11 |  7 52  5 | 11 50  3 | 10 50  4 
 5 x  20 | 22 12 30 | 12 18 34 |  6 29 29 |  4 31 29 |  3 39 22 |  1 45 18 |  6 42 16 |  5 53  6 |  0 53 11 |  1 51 12 
 5 x  30 | 13  6 45 |  5 21 38 |  5 28 31 |  6 31 27 |  3 44 17 |  5 41 18 |  0 47 17 |  3 45 16 |  2 52 10 |  3 53  8 
 5 x  40 |  8  4 52 |  4 18 42 |  6 20 38 |  1 34 29 |  0 47 17 |  1 49 14 |  2 46 16 |  0 48 16 |  3 48 13 |  0 52 12 
 5 x  50 |  9  6 49 |  3 11 50 |  1 25 38 |  2 39 23 |  1 44 19 |  2 48 14 |  2 45 17 |  1 48 15 |  0 51 13 |  3 45 16 
 5 x  60 |  3  2 59 |  3  9 52 |  0 28 36 |  0 36 28 |  0 40 24 |  1 39 24 |  1 51 12 |  1 46 17 |  1 47 16 |  0 54 10 
 5 x  70 |  2  1 61 |  2 10 52 |  0 25 39 |  3 35 26 |  0 40 24 |  0 50 14 |  0 47 17 |  1 46 17 |  0 50 14 |  0 55  9 
 5 x  80 |  6  1 57 |  1  3 60 |  6 23 35 |  2 38 24 |  3 31 30 |  0 48 16 |  1 50 13 |  0 48 16 |  0 46 18 |  0 52 12 
 5 x  90 |  3  1 60 |  3  4 57 |  3 21 40 |  0 27 37 |  0 33 31 |  3 43 18 |  0 51 13 |  1 47 16 |  0 45 19 |  0 54 10 
 5 x 100 |  2  2 60 |  3  4 57 |  1 27 36 |  2 35 27 |  2 42 20 |  1 35 28 |  1 45 18 |  2 47 15 |  0 48 16 |  1 53 10 
10 x  10 | 45 12  7 | 27 21 16 | 21 21 22 | 24 27 13 | 21 33 10 | 17 34 13 | 14 37 13 | 11 41 12 |  9 45 10 | 13 39 12 
10 x  20 | 14 10 40 | 10 11 43 |  5  8 51 |  2 24 38 |  6 19 39 |  4 25 35 |  2 40 22 |  4 36 24 |  2 43 19 |  6 44 14 
10 x  30 | 13 10 41 |  4  6 54 |  7  8 49 |  2  7 55 |  5 17 42 |  1 28 35 |  3 30 31 |  0 37 27 |  2 36 26 |  4 35 25 
10 x  40 |  8  8 48 |  5  4 55 |  4  1 59 |  0  4 60 |  3 14 47 |  4 24 36 |  3 26 35 |  3 25 36 |  4 34 26 |  3 43 18 
10 x  50 | 10  2 52 |  4  1 59 |  2  1 61 |  1  8 55 |  4  8 52 |  2 24 38 |  1 28 35 |  0 31 33 |  2 38 24 |  4 36 24 
10 x  60 |  7  4 53 |  3  0 61 |  1  0 63 |  1  6 57 |  3  9 52 |  2 15 47 |  2 22 40 |  4 33 27 |  1 31 32 |  2 39 23 
10 x  70 |  6  0 58 |  2  0 62 |  0  1 63 |  1  1 62 |  2  9 53 |  0 19 45 |  3 20 41 |  0 29 35 |  2 37 25 |  1 38 25 
10 x  80 |  2  3 59 |  3  0 61 |  1  1 62 |  0  1 63 |  4  8 52 |  3 10 51 |  3 30 31 |  2 28 34 |  2 29 33 |  0 37 27 
10 x  90 |  4  0 60 |  5  0 59 |  1  1 62 |  0  0 64 |  1  9 54 |  4 17 43 |  2 22 40 |  0 30 34 |  0 30 34 |  0 36 28 
10 x 100 |  2  1 61 |  2  0 62 |  1  1 62 |  3  1 60 |  1  8 55 |  5 11 48 |  1 21 42 |  2 20 42 |  2 32 30 |  0 40 24 
15 x  10 | 43 17  4 | 36 18 10 | 25 18 21 | 26 18 20 | 17 29 18 | 14 33 17 | 13 32 19 |  9 40 15 | 17 35 12 |  8 45 11 
15 x  20 | 13 12 39 |  8 15 41 |  6  9 49 |  6  6 52 |  6 16 42 |  5 13 46 |  6 20 38 |  4 21 39 |  4 32 28 |  2 41 21 
15 x  30 | 10  5 49 |  4  3 57 |  3  3 58 |  2  5 57 |  1  6 57 |  9 12 43 |  6 14 44 |  4 23 37 |  1 26 37 |  2 27 35 
15 x  40 |  8  7 49 |  2  4 58 |  2  2 60 |  1  2 61 |  5  5 54 |  6  5 53 |  3 10 51 |  2 20 42 |  1 30 33 |  1 26 37 
15 x  50 | 12  5 47 |  4  0 60 |  2  3 59 |  4  1 59 |  1  1 62 |  7  6 51 |  4  8 52 |  4 13 47 |  3 22 39 |  4 32 28 
15 x  60 |  3  3 58 |  1  2 61 |  2  0 62 |  2  0 62 |  3  2 59 |  1  4 59 |  7  8 49 |  6 15 43 |  5 18 41 |  4 18 42 
15 x  70 |  3  1 60 |  2  0 62 |  1  0 63 |  2  0 62 |  4  3 57 |  4  2 58 |  3  7 54 |  3 10 51 |  0 17 47 |  1 31 32 
15 x  80 |  3  1 60 |  3  1 60 |  0  0 64 |  0  1 63 |  2  1 61 |  5  4 55 |  4  8 52 |  5 16 43 |  3 22 39 |  1 33 30 
15 x  90 |  8  3 53 |  3  0 61 |  1  0 63 |  2  1 61 |  2  0 62 |  5  0 59 |  3 11 50 |  4 20 40 |  7 16 41 |  6 26 32 
15 x 100 |  4  2 58 |  1  1 62 |  1  0 63 |  1  0 63 |  1  1 62 |  3  3 58 |  5  2 57 |  4 11 49 |  2 17 45 |  4 24 36 
20 x  10 | 49 14  1 | 38 18  8 | 21 28 15 | 26 21 17 | 20 28 16 | 17 25 22 | 18 29 17 | 15 36 13 | 12 34 18 | 17 40  7 
20 x  20 | 13 26 25 |  9 14 41 |  4  6 54 |  7 10 47 |  5  9 50 |  8 12 44 |  6 12 46 |  6 22 36 |  5 30 29 |  7 32 25 
20 x  30 |  6 14 44 |  3  5 56 |  8  3 53 |  3  7 54 |  5  3 56 |  7  5 52 |  8  8 48 |  6 13 45 |  4 19 41 |  3 20 41 
20 x  40 |  7  4 53 |  4  3 57 |  1  1 62 |  2  2 60 |  1  3 60 |  2  8 54 | 10  7 47 |  9 13 42 |  6 13 45 |  8 25 31 
20 x  50 |  8  4 52 |  3  1 60 |  2  2 60 |  3  0 61 |  1  0 63 |  4  1 59 |  4  6 54 |  4 12 48 |  5 16 43 |  5 19 40 
20 x  60 |  3  3 58 |  3  1 60 |  3  0 61 |  3  0 61 |  0  0 64 |  0  1 63 |  5  4 55 |  7 10 47 |  7 12 45 |  3 24 37 
20 x  70 |  7  1 56 |  3  0 61 |  1  2 61 |  1  0 63 |  1  0 63 |  1  1 62 |  6  3 55 |  4 10 50 |  7 18 39 |  2 21 41 
20 x  80 |  2  4 58 |  0  1 63 |  1  0 63 |  3  0 61 |  3  1 60 |  1  0 63 |  8  1 55 |  1  7 56 |  3 18 43 |  7 11 46 
20 x  90 |  1  2 61 |  1  0 63 |  1  0 63 |  0  0 64 |  2  0 62 |  0  0 64 |  3  2 59 |  5 10 49 |  7 12 45 |  5 23 36 
20 x 100 |  2  2 60 |  2  0 62 |  3  1 60 |  0  0 64 |  0  0 64 |  6  0 58 |  5  2 57 |  6  7 51 |  6 13 45 |  4 22 38 
25 x  10 | 51 12  1 | 43 16  5 | 35 20  9 | 20 21 23 | 18 25 21 | 18 14 32 | 20 22 22 | 12 35 17 | 12 32 20 | 19 34 11 
25 x  20 | 18 18 28 | 11 10 43 | 10  5 49 |  9  6 49 |  9  3 52 |  4  9 51 | 12 11 41 |  5 13 46 |  4 22 38 |  7 22 35 
25 x  30 | 11 15 38 |  3  1 60 |  6  2 56 |  1  4 59 |  3  1 60 |  1  5 58 |  4  8 52 |  8 14 42 |  8 16 40 | 10 17 37 
25 x  40 | 11 11 42 |  3  2 59 |  3  0 61 |  2  1 61 |  1  0 63 |  5  3 56 |  7  1 56 |  7  3 54 |  5 13 46 |  7 14 43 
25 x  50 |  4  4 56 |  3  4 57 |  1  3 60 |  1  1 62 |  3  1 60 |  3  1 60 |  2  5 57 |  5  1 58 |  8  7 49 |  3 18 43 
25 x  60 |  5  3 56 |  2  1 61 |  4  1 59 |  2  1 61 |  1  1 62 |  4  1 59 |  3  2 59 |  9  5 50 |  4 11 49 |  9 11 44 
25 x  70 |  4  2 58 |  1  1 62 |  3  0 61 |  0  0 64 |  3  0 61 |  1  0 63 |  1  0 63 |  6  5 53 |  6  9 49 |  4 12 48 
25 x  80 |  2  1 61 |  1  2 61 |  0  0 64 |  1  1 62 |  0  0 64 |  3  0 61 |  3  0 61 |  4  0 60 |  5  6 53 |  7 15 42 
25 x  90 |  3  3 58 |  3  4 57 |  0  0 64 |  1  1 62 |  3  0 61 |  1  2 61 |  1  0 63 |  7  0 57 |  6 10 48 |  3 13 48 
25 x 100 |  5  2 57 |  0  1 63 |  2  0 62 |  0  1 63 |  0  0 64 |  2  1 61 |  5  0 59 |  8  0 56 |  2  8 54 |  6  8 50 
