    Classifier | Test #1 | Test #2 | Test #3 | Test #4 | Test #5 | Test #6 | Test #7 | Test #8 | Test #9 | Test #10 | Correct |  Kappa 
---------------+---------+---------+---------+---------+---------+---------+---------+---------+---------+----------+---------+--------
       Bagging |   56,83 |   51,46 |   49,51 |   52,20 |   51,22 |   49,27 |   51,22 |   49,76 |   50,73 |    50,24 |   51,24 |  0,025 
    Clustering |   42,68 |   53,90 |   51,46 |   53,41 |   51,22 |   56,34 |   53,41 |   49,76 |   57,80 |    58,54 |   52,85 |  0,057 
 DecisionTable |   50,00 |   50,00 |   50,00 |   50,00 |   50,00 |   50,00 |   50,00 |   50,00 |   50,00 |    50,00 |   50,00 |  0,000 
           END |   50,00 |   50,00 |   50,73 |   50,00 |   49,76 |   50,00 |   50,00 |   50,00 |   50,00 |    50,00 |   50,05 |  0,001 
           J48 |   50,00 |   50,24 |   49,27 |   50,00 |   50,00 |   50,00 |   50,00 |   49,27 |   50,00 |    50,00 |   49,88 | -0,002 
    LogitBoost |   53,90 |   50,98 |   48,78 |   51,95 |   53,17 |   52,68 |   51,46 |   52,44 |   50,98 |    51,46 |   51,78 |  0,036 
    NaiveBayes |   48,54 |   53,66 |   53,66 |   51,71 |   50,98 |   50,00 |   51,95 |   53,17 |   50,73 |    52,93 |   51,73 |  0,035 
    Regression |   52,93 |   55,37 |   52,68 |   58,29 |   53,90 |   51,46 |   53,17 |   51,95 |   51,46 |    57,07 |   53,83 |  0,077 
RotationForest |   54,88 |   55,85 |   56,59 |   51,46 |   50,00 |   54,39 |   53,90 |   50,00 |   49,76 |    54,63 |   53,15 |  0,063 
           SMO |   51,71 |   57,80 |   54,15 |   50,24 |   56,59 |   52,93 |   52,20 |   54,15 |   51,71 |    55,85 |   53,73 |  0,075 
           IBk |   53,41 |   51,95 |   52,20 |   52,44 |   54,88 |   46,10 |   51,22 |   53,17 |   51,22 |    52,20 |   51,88 |  0,038 
           IBk |   52,93 |   49,02 |   53,66 |   49,51 |   47,32 |   52,68 |   51,46 |   52,68 |   51,46 |    55,85 |   51,66 |  0,033 
           IBk |   54,15 |   51,46 |   51,71 |   54,15 |   51,46 |   53,66 |   49,02 |   47,80 |   51,95 |    50,73 |   51,61 |  0,032 
           IBk |   49,51 |   53,41 |   55,85 |   54,88 |   54,15 |   54,63 |   50,73 |   51,95 |   52,68 |    52,68 |   53,05 |  0,061 
           IBk |   52,93 |   50,73 |   50,24 |   50,98 |   51,95 |   50,24 |   50,00 |   53,90 |   51,46 |    50,49 |   51,29 |  0,026 
           IBk |   52,68 |   51,95 |   50,98 |   50,00 |   53,17 |   53,41 |   51,95 |   51,95 |   53,41 |    51,71 |   52,12 |  0,042 
           IBk |   51,71 |   51,95 |   47,80 |   51,22 |   49,76 |   54,15 |   53,17 |   53,66 |   51,71 |    55,37 |   52,05 |  0,041 
           IBk |   50,98 |   51,95 |   52,68 |   49,51 |   52,68 |   52,20 |   48,54 |   50,24 |   52,20 |    51,71 |   51,27 |  0,025 
           IBk |   51,46 |   54,88 |   51,95 |   51,46 |   50,98 |   49,27 |   51,95 |   51,71 |   47,80 |    47,80 |   50,93 |  0,019 


    Classifier | Test #1 | Test #2 | Test #3 | Test #4 | Test #5 | Test #6 | Test #7 | Test #8 | Test #9 | Test #10 | Correct |  Kappa 
---------------+---------+---------+---------+---------+---------+---------+---------+---------+---------+----------+---------+--------
       Bagging |   50,98 |   52,68 |   53,41 |   51,22 |   54,63 |   50,00 |   50,73 |   50,73 |   50,98 |    50,98 |   51,63 |  0,033 
    Clustering |   53,66 |   57,07 |   53,17 |   57,80 |   52,68 |   52,93 |   53,66 |   56,83 |   55,37 |    53,66 |   54,68 |  0,094 
 DecisionTable |   50,49 |   48,78 |   50,00 |   50,00 |   50,00 |   50,00 |   50,00 |   51,22 |   50,00 |    49,02 |   49,95 | -0,001 
           END |   50,00 |   48,78 |   51,71 |   53,17 |   51,95 |   50,98 |   48,78 |   53,17 |   53,66 |    54,88 |   51,71 |  0,034 
           J48 |   50,49 |   50,98 |   53,17 |   52,20 |   50,24 |   51,46 |   53,66 |   51,46 |   50,00 |    50,00 |   51,37 |  0,027 
    LogitBoost |   54,39 |   50,49 |   56,34 |   52,68 |   54,63 |   48,54 |   55,61 |   52,93 |   55,12 |    51,46 |   53,22 |  0,064 
    NaiveBayes |   50,73 |   54,39 |   51,22 |   51,95 |   51,46 |   51,95 |   53,17 |   52,68 |   51,71 |    52,68 |   52,20 |  0,044 
    Regression |   53,17 |   54,63 |   54,15 |   56,34 |   52,93 |   56,59 |   54,63 |   49,27 |   54,39 |    52,93 |   53,90 |  0,078 
RotationForest |   56,34 |   53,41 |   53,90 |   54,15 |   53,66 |   54,63 |   54,15 |   54,88 |   54,63 |    53,41 |   54,32 |  0,086 
           SMO |   55,61 |   53,17 |   52,93 |   48,29 |   54,39 |   53,41 |   54,39 |   50,73 |   51,71 |    52,20 |   52,68 |  0,054 
           IBk |   46,59 |   48,54 |   52,20 |   48,29 |   44,88 |   46,10 |   45,61 |   50,00 |   45,61 |    46,83 |   47,46 | -0,051 
           IBk |   49,76 |   50,73 |   47,32 |   49,51 |   51,22 |   50,73 |   50,00 |   50,00 |   51,46 |    47,56 |   49,83 | -0,003 
           IBk |   50,73 |   52,44 |   51,95 |   52,93 |   48,05 |   49,76 |   49,02 |   46,34 |   49,27 |    50,49 |   50,10 |  0,002 
           IBk |   50,73 |   51,46 |   44,88 |   51,46 |   51,22 |   46,59 |   50,24 |   50,24 |   53,41 |    52,20 |   50,24 |  0,005 
           IBk |   47,07 |   51,22 |   51,71 |   52,20 |   50,98 |   50,24 |   48,54 |   50,49 |   48,29 |    50,49 |   50,12 |  0,002 
           IBk |   49,51 |   55,85 |   50,73 |   49,51 |   50,73 |   52,93 |   47,32 |   50,24 |   49,51 |    49,27 |   50,56 |  0,011 
           IBk |   54,15 |   50,49 |   50,00 |   47,56 |   48,29 |   51,22 |   50,00 |   49,51 |   55,85 |    52,68 |   50,98 |  0,020 
           IBk |   50,98 |   51,95 |   51,22 |   51,95 |   53,17 |   51,95 |   50,49 |   51,22 |   52,93 |    51,22 |   51,71 |  0,034 
           IBk |   55,37 |   47,56 |   52,93 |   52,93 |   51,71 |   51,46 |   52,93 |   52,68 |   53,41 |    50,24 |   52,12 |  0,042 


    Classifier | Test #1 | Test #2 | Test #3 | Test #4 | Test #5 | Test #6 | Test #7 | Test #8 | Test #9 | Test #10 | Correct |  Kappa 
---------------+---------+---------+---------+---------+---------+---------+---------+---------+---------+----------+---------+--------
       Bagging |   48,05 |   50,73 |   52,20 |   53,90 |   53,17 |   50,73 |   52,44 |   48,54 |   49,51 |    50,98 |   51,02 |  0,020 
    Clustering |   54,15 |   55,61 |   54,88 |   54,39 |   54,88 |   56,59 |   52,68 |   53,66 |   53,66 |    55,61 |   54,61 |  0,092 
 DecisionTable |   50,00 |   50,00 |   50,00 |   52,93 |   51,46 |   53,17 |   51,71 |   53,41 |   53,41 |    53,17 |   51,93 |  0,039 
           END |   52,44 |   51,71 |   52,20 |   51,22 |   54,39 |   52,93 |   53,41 |   51,95 |   53,90 |    55,37 |   52,95 |  0,059 
           J48 |   55,37 |   54,63 |   55,85 |   50,49 |   55,12 |   55,61 |   52,44 |   53,90 |   52,44 |    54,15 |   54,00 |  0,080 
    LogitBoost |   49,76 |   51,22 |   49,27 |   50,73 |   52,20 |   55,12 |   51,95 |   51,95 |   49,76 |    57,56 |   51,95 |  0,039 
    NaiveBayes |   53,90 |   59,02 |   53,17 |   52,44 |   54,63 |   51,95 |   57,07 |   52,93 |   52,44 |    51,71 |   53,93 |  0,079 
    Regression |   52,68 |   51,22 |   53,41 |   51,71 |   55,61 |   57,80 |   50,73 |   49,51 |   53,66 |    53,17 |   52,95 |  0,059 
RotationForest |   55,37 |   55,12 |   54,15 |   51,71 |   53,66 |   54,15 |   55,61 |   56,10 |   52,68 |    53,17 |   54,17 |  0,083 
           SMO |   55,37 |   53,41 |   53,90 |   53,17 |   52,44 |   53,90 |   54,15 |   53,17 |   57,32 |    48,78 |   53,56 |  0,071 
           IBk |   49,02 |   49,27 |   52,20 |   51,71 |   51,46 |   49,76 |   49,51 |   51,71 |   48,29 |    50,24 |   50,32 |  0,006 
           IBk |   54,39 |   50,73 |   51,22 |   48,29 |   50,49 |   50,49 |   52,93 |   50,00 |   50,98 |    49,76 |   50,93 |  0,019 
           IBk |   48,29 |   51,46 |   49,27 |   51,46 |   45,12 |   50,00 |   51,22 |   49,02 |   50,49 |    49,27 |   49,56 | -0,009 
           IBk |   50,49 |   48,29 |   47,07 |   51,22 |   49,27 |   49,76 |   49,02 |   50,00 |   50,00 |    49,76 |   49,49 | -0,010 
           IBk |   50,73 |   49,27 |   49,76 |   51,46 |   52,93 |   48,29 |   51,22 |   50,00 |   47,32 |    51,95 |   50,29 |  0,006 
           IBk |   53,90 |   51,95 |   49,27 |   51,71 |   52,44 |   52,20 |   52,68 |   47,32 |   54,15 |    51,46 |   51,71 |  0,034 
           IBk |   49,27 |   51,95 |   52,20 |   48,54 |   47,56 |   52,68 |   51,71 |   49,76 |   52,20 |    52,20 |   50,80 |  0,016 
           IBk |   50,49 |   52,93 |   52,68 |   53,66 |   54,63 |   50,98 |   52,44 |   52,44 |   49,27 |    52,20 |   52,17 |  0,043 
           IBk |   52,20 |   49,76 |   52,93 |   56,34 |   51,22 |   53,41 |   49,76 |   54,15 |   51,71 |    52,20 |   52,37 |  0,047 


    Classifier | Test #1 | Test #2 | Test #3 | Test #4 | Test #5 | Test #6 | Test #7 | Test #8 | Test #9 | Test #10 | Correct |  Kappa 
---------------+---------+---------+---------+---------+---------+---------+---------+---------+---------+----------+---------+--------
       Bagging |   55,85 |   49,02 |   45,85 |   56,34 |   48,54 |   50,00 |   51,22 |   53,17 |   52,20 |    51,22 |   51,34 |  0,027 
    Clustering |   52,68 |   55,37 |   50,98 |   51,46 |   53,17 |   54,63 |   51,22 |   53,17 |   52,44 |    52,20 |   52,73 |  0,055 
 DecisionTable |   55,61 |   52,20 |   53,66 |   55,12 |   50,24 |   55,85 |   51,46 |   51,46 |   53,90 |    51,22 |   53,07 |  0,061 
           END |   53,66 |   47,07 |   54,88 |   51,71 |   54,63 |   55,61 |   54,15 |   53,17 |   55,12 |    54,63 |   53,46 |  0,069 
           J48 |   49,02 |   51,71 |   52,44 |   50,98 |   56,59 |   52,68 |   53,90 |   53,41 |   54,63 |    51,22 |   52,66 |  0,053 
    LogitBoost |   51,46 |   54,63 |   55,12 |   54,88 |   52,44 |   53,90 |   52,68 |   50,73 |   53,41 |    50,49 |   52,98 |  0,060 
    NaiveBayes |   56,34 |   51,46 |   52,93 |   55,12 |   53,17 |   54,15 |   52,68 |   52,93 |   54,15 |    53,41 |   53,63 |  0,073 
    Regression |   54,15 |   51,95 |   47,07 |   52,20 |   50,49 |   52,68 |   52,44 |   51,95 |   49,27 |    46,59 |   50,88 |  0,018 
RotationForest |   56,10 |   51,22 |   54,63 |   52,44 |   51,71 |   51,95 |   53,90 |   53,90 |   50,73 |    51,46 |   52,80 |  0,056 
           SMO |   51,46 |   55,61 |   53,66 |   51,46 |   55,12 |   54,88 |   53,90 |   54,15 |   51,46 |    54,88 |   53,66 |  0,073 
           IBk |   51,71 |   49,51 |   50,00 |   48,29 |   49,02 |   49,27 |   49,27 |   50,49 |   50,73 |    48,05 |   49,63 | -0,007 
           IBk |   49,51 |   49,02 |   47,80 |   51,22 |   50,24 |   49,27 |   51,22 |   52,93 |   51,46 |    47,56 |   50,02 |  0,000 
           IBk |   52,68 |   49,51 |   51,22 |   52,93 |   46,34 |   44,88 |   51,71 |   51,46 |   49,02 |    52,68 |   50,24 |  0,005 
           IBk |   54,88 |   50,24 |   51,22 |   50,00 |   46,34 |   49,02 |   49,51 |   46,59 |   49,51 |    50,24 |   49,76 | -0,005 
           IBk |   51,95 |   50,00 |   51,95 |   48,54 |   56,10 |   50,98 |   50,24 |   51,95 |   48,78 |    52,93 |   51,34 |  0,027 
           IBk |   52,68 |   52,20 |   50,73 |   54,39 |   51,71 |   55,12 |   54,63 |   49,02 |   53,66 |    54,15 |   52,83 |  0,057 
           IBk |   51,95 |   50,73 |   50,73 |   51,46 |   51,95 |   51,71 |   52,20 |   52,44 |   51,22 |    52,44 |   51,68 |  0,034 
           IBk |   51,95 |   48,78 |   51,22 |   52,93 |   53,17 |   55,85 |   51,71 |   54,88 |   52,44 |    57,32 |   53,02 |  0,060 
           IBk |   50,73 |   50,49 |   49,76 |   50,49 |   47,32 |   51,46 |   51,22 |   55,61 |   52,68 |    53,90 |   51,37 |  0,027 


    Classifier | Correct #0 | Correct #1 | Correct #2 | Correct #3 
---------------+------------+------------+------------+------------
       Bagging |      51,24 |      51,63 |      51,02 |      51,34 
    Clustering |      52,85 |      54,68 |      54,61 |      52,73 
 DecisionTable |      50,00 |      49,95 |      51,93 |      53,07 
           END |      50,05 |      51,71 |      52,95 |      53,46 
           J48 |      49,88 |      51,37 |      54,00 |      52,66 
    LogitBoost |      51,78 |      53,22 |      51,95 |      52,98 
    NaiveBayes |      51,73 |      52,20 |      53,93 |      53,63 
    Regression |      53,83 |      53,90 |      52,95 |      50,88 
RotationForest |      53,15 |      54,32 |      54,17 |      52,80 
           SMO |      53,73 |      52,68 |      53,56 |      53,66 
           IBk |      51,88 |      47,46 |      50,32 |      49,63 
           IBk |      51,66 |      49,83 |      50,93 |      50,02 
           IBk |      51,61 |      50,10 |      49,56 |      50,24 
           IBk |      53,05 |      50,24 |      49,49 |      49,76 
           IBk |      51,29 |      50,12 |      50,29 |      51,34 
           IBk |      52,12 |      50,56 |      51,71 |      52,83 
           IBk |      52,05 |      50,98 |      50,80 |      51,68 
           IBk |      51,27 |      51,71 |      52,17 |      53,02 
           IBk |      50,93 |      52,12 |      52,37 |      51,37 
