    Classifier | Test #1 | Test #2 | Test #3 | Test #4 | Test #5 | Test #6 | Test #7 | Test #8 | Test #9 | Test #10 | Correct | Kappa 
---------------+---------+---------+---------+---------+---------+---------+---------+---------+---------+----------+---------+-------
       Bagging |   72,68 |   72,20 |   74,39 |   70,00 |   70,98 |   70,24 |   71,95 |   67,80 |   68,54 |    71,95 |   71,07 | 0,421 
    Clustering |   57,07 |   53,90 |   56,83 |   59,02 |   57,56 |   59,76 |   52,44 |   56,34 |   55,61 |    54,88 |   56,34 | 0,127 
 DecisionTable |   69,02 |   70,73 |   72,44 |   72,68 |   67,56 |   64,88 |   72,68 |   72,20 |   71,46 |    73,41 |   70,71 | 0,414 
           END |   70,73 |   70,98 |   68,54 |   68,29 |   69,27 |   68,05 |   68,05 |   69,02 |   69,76 |    69,76 |   69,24 | 0,385 
           J48 |   73,41 |   73,41 |   68,05 |   69,76 |   70,49 |   71,22 |   69,51 |   69,51 |   69,02 |    73,66 |   70,80 | 0,416 
    LogitBoost |   72,68 |   72,44 |   72,68 |   72,20 |   70,73 |   71,95 |   70,98 |   69,76 |   67,80 |    69,02 |   71,02 | 0,420 
    NaiveBayes |   72,93 |   69,51 |   72,20 |   71,95 |   70,73 |   75,12 |   71,22 |   74,15 |   73,66 |    70,98 |   72,24 | 0,445 
    Regression |   69,51 |   65,85 |   72,44 |   69,27 |   71,95 |   70,98 |   72,93 |   72,68 |   73,66 |    69,02 |   70,83 | 0,417 
RotationForest |   70,49 |   73,17 |   70,98 |   73,66 |   67,07 |   70,49 |   71,71 |   69,02 |   67,56 |    71,71 |   70,59 | 0,412 
           SMO |   57,07 |   58,05 |   53,17 |   55,61 |   54,39 |   56,10 |   59,76 |   55,37 |   61,46 |    57,07 |   56,80 | 0,136 
           IBk |   65,12 |   63,90 |   64,63 |   62,68 |   65,61 |   66,83 |   66,83 |   63,41 |   66,10 |    62,20 |   64,73 | 0,295 
           IBk |   68,78 |   62,44 |   66,83 |   67,32 |   69,76 |   64,63 |   63,17 |   63,17 |   67,07 |    65,61 |   65,88 | 0,318 
           IBk |   70,98 |   66,59 |   67,80 |   65,37 |   65,85 |   66,59 |   66,10 |   65,85 |   65,12 |    67,07 |   66,73 | 0,335 
           IBk |   72,68 |   70,98 |   72,93 |   67,80 |   69,51 |   67,07 |   68,78 |   68,78 |   67,80 |    71,22 |   69,76 | 0,395 
           IBk |   72,93 |   69,02 |   67,56 |   69,02 |   72,93 |   67,56 |   71,46 |   71,22 |   68,78 |    73,17 |   70,37 | 0,407 
           IBk |   68,29 |   73,41 |   70,98 |   68,54 |   72,20 |   72,20 |   71,95 |   72,44 |   67,80 |    73,17 |   71,10 | 0,422 
           IBk |   72,44 |   71,95 |   70,24 |   70,73 |   72,44 |   69,51 |   73,41 |   73,90 |   72,93 |    74,15 |   72,17 | 0,443 
           IBk |   72,20 |   72,44 |   69,02 |   71,71 |   71,46 |   71,22 |   71,22 |   75,85 |   75,61 |    71,95 |   72,27 | 0,445 
           IBk |   73,90 |   75,12 |   69,02 |   74,15 |   76,34 |   70,98 |   76,10 |   70,98 |   73,66 |    71,22 |   73,15 | 0,463 


    Classifier | Test #1 | Test #2 | Test #3 | Test #4 | Test #5 | Test #6 | Test #7 | Test #8 | Test #9 | Test #10 | Correct | Kappa 
---------------+---------+---------+---------+---------+---------+---------+---------+---------+---------+----------+---------+-------
       Bagging |   64,39 |   59,76 |   62,44 |   60,73 |   60,24 |   58,29 |   61,46 |   61,46 |   61,22 |    60,73 |   61,07 | 0,221 
    Clustering |   52,44 |   51,22 |   50,00 |   50,00 |   45,61 |   52,93 |   51,95 |   52,20 |   53,17 |    52,44 |   51,20 | 0,024 
 DecisionTable |   61,71 |   60,00 |   59,02 |   58,05 |   60,24 |   61,46 |   60,49 |   60,24 |   63,17 |    59,02 |   60,34 | 0,207 
           END |   65,61 |   63,41 |   59,02 |   59,02 |   64,39 |   66,10 |   62,93 |   58,05 |   62,20 |    60,49 |   62,12 | 0,242 
           J48 |   64,63 |   62,20 |   62,44 |   62,20 |   62,44 |   60,00 |   64,15 |   63,41 |   60,00 |    63,17 |   62,46 | 0,249 
    LogitBoost |   64,15 |   65,85 |   63,17 |   63,17 |   65,37 |   66,83 |   66,10 |   62,20 |   61,95 |    62,93 |   64,17 | 0,283 
    NaiveBayes |   54,15 |   54,88 |   52,44 |   53,41 |   53,17 |   51,95 |   54,15 |   52,68 |   51,22 |    53,17 |   53,12 | 0,062 
    Regression |   63,41 |   63,17 |   61,71 |   63,41 |   64,39 |   66,59 |   62,44 |   63,41 |   62,44 |    62,93 |   63,39 | 0,268 
RotationForest |   65,37 |   61,95 |   62,20 |   64,15 |   64,15 |   60,73 |   62,68 |   64,39 |   62,93 |    59,76 |   62,83 | 0,257 
           SMO |   53,66 |   55,85 |   56,83 |   56,10 |   56,59 |   53,66 |   57,80 |   54,15 |   55,12 |    52,68 |   55,24 | 0,105 
           IBk |   58,29 |   57,80 |   54,63 |   58,54 |   54,39 |   55,85 |   55,12 |   56,34 |   54,15 |    58,05 |   56,32 | 0,126 
           IBk |   58,29 |   57,80 |   60,00 |   60,73 |   56,83 |   59,51 |   61,46 |   55,85 |   59,76 |    58,54 |   58,88 | 0,178 
           IBk |   59,76 |   56,83 |   60,49 |   58,54 |   59,02 |   57,80 |   61,71 |   58,78 |   60,00 |    63,41 |   59,63 | 0,193 
           IBk |   63,17 |   60,24 |   56,34 |   59,51 |   59,02 |   64,63 |   56,59 |   63,90 |   57,07 |    59,51 |   60,00 | 0,200 
           IBk |   62,44 |   64,15 |   64,63 |   62,44 |   63,66 |   60,73 |   61,95 |   64,39 |   62,44 |    60,49 |   62,73 | 0,255 
           IBk |   62,93 |   62,20 |   63,41 |   62,44 |   65,37 |   66,59 |   63,17 |   63,90 |   63,17 |    62,68 |   63,59 | 0,272 
           IBk |   61,22 |   64,63 |   63,90 |   64,39 |   64,15 |   60,73 |   63,66 |   63,90 |   64,15 |    60,98 |   63,17 | 0,263 
           IBk |   66,83 |   62,20 |   59,76 |   64,15 |   63,41 |   64,15 |   60,73 |   62,44 |   65,61 |    61,95 |   63,12 | 0,262 
           IBk |   59,02 |   63,41 |   60,24 |   63,17 |   65,85 |   66,10 |   63,90 |   60,98 |   60,98 |    62,68 |   62,63 | 0,253 


    Classifier | Test #1 | Test #2 | Test #3 | Test #4 | Test #5 | Test #6 | Test #7 | Test #8 | Test #9 | Test #10 | Correct | Kappa 
---------------+---------+---------+---------+---------+---------+---------+---------+---------+---------+----------+---------+-------
       Bagging |   74,63 |   74,88 |   74,88 |   75,61 |   74,63 |   74,39 |   75,61 |   74,15 |   74,39 |    75,37 |   74,85 | 0,497 
    Clustering |   57,07 |   57,07 |   54,88 |   54,15 |   52,44 |   54,15 |   55,37 |   51,46 |   54,88 |    52,68 |   54,41 | 0,088 
 DecisionTable |   72,93 |   72,44 |   74,15 |   70,49 |   71,95 |   71,95 |   74,39 |   69,51 |   72,20 |    68,78 |   71,88 | 0,438 
           END |   70,98 |   74,63 |   70,98 |   72,68 |   71,95 |   73,41 |   71,46 |   70,73 |   68,78 |    69,76 |   71,54 | 0,431 
           J48 |   70,24 |   70,49 |   70,49 |   71,95 |   73,66 |   71,22 |   71,22 |   75,12 |   70,98 |    69,76 |   71,51 | 0,430 
    LogitBoost |   73,66 |   73,41 |   74,39 |   74,39 |   73,41 |   73,66 |   73,41 |   75,61 |   74,63 |    74,88 |   74,15 | 0,483 
    NaiveBayes |   63,66 |   64,88 |   65,37 |   63,66 |   61,46 |   65,85 |   62,44 |   61,71 |   59,76 |    61,95 |   63,07 | 0,261 
    Regression |   76,83 |   73,90 |   75,85 |   74,39 |   79,76 |   72,93 |   76,10 |   74,39 |   77,56 |    73,17 |   75,49 | 0,510 
RotationForest |   74,15 |   74,39 |   74,63 |   76,59 |   77,07 |   74,15 |   75,61 |   76,10 |   77,32 |    75,12 |   75,51 | 0,510 
           SMO |   75,61 |   76,34 |   73,66 |   76,10 |   75,61 |   72,20 |   71,71 |   76,59 |   76,83 |    69,76 |   74,44 | 0,489 
           IBk |   63,90 |   66,10 |   67,32 |   66,34 |   63,41 |   66,59 |   63,41 |   65,37 |   64,15 |    62,93 |   64,95 | 0,299 
           IBk |   67,56 |   65,61 |   66,34 |   65,37 |   69,02 |   68,05 |   69,76 |   67,56 |   64,63 |    72,68 |   67,66 | 0,353 
           IBk |   70,98 |   74,88 |   70,73 |   69,76 |   70,49 |   73,41 |   71,95 |   71,71 |   69,02 |    73,41 |   71,63 | 0,433 
           IBk |   72,68 |   71,46 |   71,71 |   75,37 |   72,44 |   72,44 |   74,15 |   73,17 |   75,37 |    74,15 |   73,29 | 0,466 
           IBk |   70,98 |   77,56 |   71,46 |   70,00 |   78,54 |   75,12 |   73,17 |   73,66 |   75,12 |    74,39 |   74,00 | 0,480 
           IBk |   76,59 |   74,63 |   74,88 |   75,85 |   73,90 |   74,88 |   72,93 |   70,73 |   75,12 |    76,34 |   74,59 | 0,492 
           IBk |   72,68 |   73,90 |   73,90 |   77,07 |   74,63 |   74,63 |   73,41 |   74,63 |   74,63 |    75,85 |   74,54 | 0,491 
           IBk |   75,85 |   75,85 |   75,12 |   77,07 |   79,76 |   76,59 |   74,39 |   73,41 |   78,78 |    74,63 |   76,15 | 0,523 
           IBk |   75,12 |   71,46 |   75,37 |   77,56 |   74,63 |   71,46 |   75,37 |   72,93 |   75,85 |    75,12 |   74,49 | 0,490 


    Classifier | Test #1 | Test #2 | Test #3 | Test #4 | Test #5 | Test #6 | Test #7 | Test #8 | Test #9 | Test #10 | Correct | Kappa 
---------------+---------+---------+---------+---------+---------+---------+---------+---------+---------+----------+---------+-------
       Bagging |   76,59 |   75,61 |   75,37 |   76,34 |   73,41 |   78,05 |   77,56 |   75,12 |   76,83 |    76,34 |   76,12 | 0,522 
    Clustering |   53,66 |   51,46 |   53,90 |   55,61 |   54,88 |   51,22 |   52,93 |   54,39 |   54,63 |    57,56 |   54,02 | 0,080 
 DecisionTable |   72,93 |   72,20 |   72,93 |   71,22 |   70,00 |   74,63 |   71,22 |   74,63 |   72,68 |    74,63 |   72,71 | 0,454 
           END |   69,76 |   71,22 |   62,93 |   70,24 |   69,02 |   69,51 |   73,17 |   71,71 |   65,37 |    68,78 |   69,17 | 0,383 
           J48 |   66,34 |   67,32 |   75,12 |   72,20 |   73,90 |   71,95 |   68,54 |   70,73 |   65,12 |    72,68 |   70,39 | 0,408 
    LogitBoost |   74,88 |   73,17 |   76,83 |   78,05 |   73,17 |   73,66 |   72,68 |   71,95 |   75,85 |    73,90 |   74,41 | 0,488 
    NaiveBayes |   65,85 |   65,37 |   61,71 |   67,07 |   65,61 |   64,39 |   64,63 |   65,85 |   62,20 |    65,61 |   64,83 | 0,297 
    Regression |   71,46 |   74,15 |   75,61 |   71,95 |   72,20 |   71,46 |   77,80 |   74,63 |   75,12 |    73,90 |   73,83 | 0,477 
RotationForest |   72,44 |   74,88 |   77,32 |   74,39 |   74,88 |   74,63 |   73,17 |   74,88 |   73,41 |    73,17 |   74,32 | 0,486 
           SMO |   75,37 |   70,49 |   76,34 |   75,12 |   75,37 |   75,37 |   70,00 |   72,20 |   73,41 |    71,46 |   73,51 | 0,470 
           IBk |   68,78 |   68,54 |   63,66 |   64,63 |   66,83 |   66,83 |   69,27 |   70,00 |   68,54 |    68,05 |   67,51 | 0,350 
           IBk |   66,59 |   66,59 |   68,78 |   68,29 |   69,51 |   68,78 |   66,83 |   65,12 |   68,29 |    68,54 |   67,73 | 0,355 
           IBk |   68,29 |   72,20 |   70,00 |   68,29 |   69,27 |   71,95 |   70,49 |   71,71 |   72,68 |    68,05 |   70,29 | 0,406 
           IBk |   73,41 |   75,37 |   71,71 |   75,12 |   71,46 |   72,44 |   72,93 |   76,59 |   74,39 |    72,93 |   73,63 | 0,473 
           IBk |   71,95 |   72,93 |   76,10 |   75,85 |   73,66 |   76,10 |   75,85 |   74,63 |   73,90 |    72,68 |   74,37 | 0,487 
           IBk |   72,68 |   73,90 |   74,63 |   74,88 |   73,17 |   78,05 |   75,85 |   73,17 |   75,61 |    74,63 |   74,66 | 0,493 
           IBk |   75,61 |   75,85 |   75,85 |   73,66 |   74,15 |   75,85 |   75,12 |   78,78 |   75,85 |    72,93 |   75,37 | 0,507 
           IBk |   77,07 |   78,05 |   73,41 |   77,56 |   76,59 |   76,34 |   73,17 |   72,20 |   75,61 |    75,37 |   75,54 | 0,511 
           IBk |   76,59 |   74,39 |   73,90 |   74,15 |   72,20 |   76,34 |   74,15 |   73,90 |   77,56 |    73,66 |   74,68 | 0,494 


    Classifier | Correct #0 | Correct #1 | Correct #2 | Correct #3 
---------------+------------+------------+------------+------------
       Bagging |      71,07 |      61,07 |      74,85 |      76,12 
    Clustering |      56,34 |      51,20 |      54,41 |      54,02 
 DecisionTable |      70,71 |      60,34 |      71,88 |      72,71 
           END |      69,24 |      62,12 |      71,54 |      69,17 
           J48 |      70,80 |      62,46 |      71,51 |      70,39 
    LogitBoost |      71,02 |      64,17 |      74,15 |      74,41 
    NaiveBayes |      72,24 |      53,12 |      63,07 |      64,83 
    Regression |      70,83 |      63,39 |      75,49 |      73,83 
RotationForest |      70,59 |      62,83 |      75,51 |      74,32 
           SMO |      56,80 |      55,24 |      74,44 |      73,51 
           IBk |      64,73 |      56,32 |      64,95 |      67,51 
           IBk |      65,88 |      58,88 |      67,66 |      67,73 
           IBk |      66,73 |      59,63 |      71,63 |      70,29 
           IBk |      69,76 |      60,00 |      73,29 |      73,63 
           IBk |      70,37 |      62,73 |      74,00 |      74,37 
           IBk |      71,10 |      63,59 |      74,59 |      74,66 
           IBk |      72,17 |      63,17 |      74,54 |      75,37 
           IBk |      72,27 |      63,12 |      76,15 |      75,54 
           IBk |      73,15 |      62,63 |      74,49 |      74,68 
