    Classifier | Test #1 | Test #2 | Test #3 | Test #4 | Test #5 | Test #6 | Test #7 | Test #8 | Test #9 | Test #10 | Correct | Kappa 
---------------+---------+---------+---------+---------+---------+---------+---------+---------+---------+----------+---------+-------
       Bagging |   63,28 |   64,06 |   62,50 |   61,72 |   53,91 |   60,16 |   50,00 |   65,63 |   56,25 |    59,38 |   59,69 | 0,463 
    Clustering |   32,03 |   26,56 |   30,47 |   28,91 |   32,81 |   29,69 |   27,34 |   33,59 |   28,91 |    34,38 |   30,47 | 0,073 
 DecisionTable |   53,91 |   57,81 |   60,16 |   54,69 |   56,25 |   59,38 |   57,81 |   61,72 |   57,03 |    56,25 |   57,50 | 0,433 
           END |   63,28 |   63,28 |   60,94 |   55,47 |   57,81 |   61,72 |   56,25 |   61,72 |   56,25 |    57,03 |   59,38 | 0,458 
           IBk |   53,91 |   53,91 |   50,00 |   57,03 |   58,59 |   59,38 |   56,25 |   59,38 |   59,38 |    55,47 |   56,33 | 0,418 
           J48 |   64,06 |   63,28 |   62,50 |   55,47 |   61,72 |   55,47 |   57,03 |   60,94 |   67,19 |    57,81 |   60,55 | 0,474 
    LogitBoost |   60,94 |   57,81 |   61,72 |   60,94 |   61,72 |   55,47 |   59,38 |   58,59 |   53,91 |    56,25 |   58,67 | 0,449 
    NaiveBayes |   60,16 |   64,84 |   65,63 |   60,94 |   50,78 |   62,50 |   60,16 |   64,84 |   57,03 |    53,91 |   60,08 | 0,468 
    Regression |   64,06 |   55,47 |   69,53 |   64,84 |   60,16 |   65,63 |   64,84 |   54,69 |   66,41 |    57,03 |   62,27 | 0,497 
RotationForest |   60,94 |   62,50 |   62,50 |   53,91 |   54,69 |   60,16 |   51,56 |   54,69 |   54,69 |    56,25 |   57,19 | 0,429 
           SMO |   57,81 |   59,38 |   50,00 |   58,59 |   56,25 |   56,25 |   59,38 |   61,72 |   57,81 |    53,91 |   57,11 | 0,428 


    Classifier | Test #1 | Test #2 | Test #3 | Test #4 | Test #5 | Test #6 | Test #7 | Test #8 | Test #9 | Test #10 | Correct | Kappa 
---------------+---------+---------+---------+---------+---------+---------+---------+---------+---------+----------+---------+-------
       Bagging |   64,06 |   61,72 |   64,06 |   63,28 |   50,78 |   59,38 |   63,28 |   60,16 |   56,25 |    59,38 |   60,23 | 0,470 
    Clustering |   39,84 |   39,06 |   39,06 |   38,28 |   40,63 |   41,41 |   40,63 |   37,50 |   38,28 |    38,28 |   39,30 | 0,191 
 DecisionTable |   60,16 |   57,81 |   58,59 |   57,81 |   57,03 |   64,84 |   57,81 |   61,72 |   52,34 |    65,63 |   59,38 | 0,458 
           END |   50,78 |   54,69 |   60,94 |   60,16 |   63,28 |   64,84 |   58,59 |   61,72 |   60,16 |    62,50 |   59,77 | 0,464 
           IBk |   54,69 |   49,22 |   51,56 |   55,47 |   46,88 |   55,47 |   53,13 |   48,44 |   50,00 |    56,25 |   52,11 | 0,361 
           J48 |   50,78 |   54,69 |   60,94 |   56,25 |   49,22 |   47,66 |   57,03 |   57,81 |   63,28 |    57,03 |   55,47 | 0,406 
    LogitBoost |   62,50 |   70,31 |   54,69 |   64,06 |   58,59 |   53,91 |   57,03 |   57,81 |   57,03 |    57,03 |   59,30 | 0,457 
    NaiveBayes |   56,25 |   57,03 |   46,88 |   56,25 |   56,25 |   55,47 |   55,47 |   57,81 |   57,03 |    59,38 |   55,78 | 0,410 
    Regression |   59,38 |   60,94 |   56,25 |   60,16 |   50,78 |   62,50 |   62,50 |   63,28 |   50,00 |    61,72 |   58,75 | 0,450 
RotationForest |   63,28 |   64,06 |   57,81 |   63,28 |   53,91 |   64,84 |   57,81 |   57,81 |   56,25 |    60,94 |   60,00 | 0,467 
           SMO |   63,28 |   54,69 |   56,25 |   61,72 |   56,25 |   56,25 |   54,69 |   57,81 |   60,16 |    62,50 |   58,36 | 0,445 


    Classifier | Correct #0 | Correct #1 
---------------+------------+------------
       Bagging |      59,69 |      60,23 
    Clustering |      30,47 |      39,30 
 DecisionTable |      57,50 |      59,38 
           END |      59,38 |      59,77 
           IBk |      56,33 |      52,11 
           J48 |      60,55 |      55,47 
    LogitBoost |      58,67 |      59,30 
    NaiveBayes |      60,08 |      55,78 
    Regression |      62,27 |      58,75 
RotationForest |      57,19 |      60,00 
           SMO |      57,11 |      58,36 
