    Classifier | Test #1 | Test #2 | Test #3 | Test #4 | Test #5 | Test #6 | Test #7 | Test #8 | Test #9 | Test #10 | Correct | Kappa 
---------------+---------+---------+---------+---------+---------+---------+---------+---------+---------+----------+---------+-------
       Bagging |   46,09 |   43,75 |   38,28 |   35,94 |   40,63 |   42,97 |   45,31 |   41,41 |   35,94 |    50,78 |   42,11 | 0,228 
    Clustering |   43,75 |   27,34 |   30,47 |   40,63 |   31,25 |   43,75 |   40,63 |   40,63 |   28,91 |    46,09 |   37,34 | 0,165 
 DecisionTable |   37,50 |   49,22 |   43,75 |   46,88 |   42,19 |   42,97 |   48,44 |   45,31 |   44,53 |    39,84 |   44,06 | 0,254 
           END |   44,53 |   40,63 |   47,66 |   46,09 |   46,09 |   47,66 |   46,09 |   40,63 |   42,19 |    45,31 |   44,69 | 0,263 
           IBk |   39,06 |   36,72 |   29,69 |   40,63 |   36,72 |   37,50 |   39,84 |   39,06 |   38,28 |    37,50 |   37,50 | 0,167 
           J48 |   45,31 |   43,75 |   43,75 |   44,53 |   43,75 |   43,75 |   48,44 |   40,63 |   46,88 |    48,44 |   44,92 | 0,266 
    LogitBoost |   45,31 |   46,88 |   43,75 |   39,06 |   36,72 |   43,75 |   41,41 |   42,97 |   34,38 |    42,97 |   41,72 | 0,223 
    NaiveBayes |   45,31 |   47,66 |   44,53 |   46,09 |   42,97 |   45,31 |   48,44 |   44,53 |   44,53 |    41,41 |   45,08 | 0,268 
    Regression |   50,00 |   44,53 |   42,97 |   49,22 |   39,06 |   39,06 |   45,31 |   45,31 |   39,84 |    50,00 |   44,53 | 0,260 
RotationForest |   43,75 |   45,31 |   45,31 |   44,53 |   42,97 |   42,97 |   44,53 |   44,53 |   50,78 |    45,31 |   45,00 | 0,267 
           SMO |   46,09 |   42,97 |   42,19 |   46,09 |   41,41 |   46,09 |   48,44 |   41,41 |   46,88 |    46,88 |   44,84 | 0,265 


    Classifier | Test #1 | Test #2 | Test #3 | Test #4 | Test #5 | Test #6 | Test #7 | Test #8 | Test #9 | Test #10 | Correct | Kappa 
---------------+---------+---------+---------+---------+---------+---------+---------+---------+---------+----------+---------+-------
       Bagging |   43,75 |   42,97 |   42,19 |   43,75 |   34,38 |   42,97 |   42,97 |   40,63 |   42,19 |    34,38 |   41,02 | 0,214 
    Clustering |   41,41 |   39,06 |   42,19 |   39,84 |   40,63 |   44,53 |   40,63 |   39,84 |   39,84 |    39,06 |   40,70 | 0,209 
 DecisionTable |   44,53 |   45,31 |   42,97 |   36,72 |   37,50 |   47,66 |   53,13 |   39,84 |   46,09 |    45,31 |   43,91 | 0,252 
           END |   43,75 |   39,06 |   39,06 |   39,06 |   39,84 |   40,63 |   44,53 |   38,28 |   50,00 |    39,06 |   41,33 | 0,218 
           IBk |   43,75 |   42,19 |   32,81 |   36,72 |   42,19 |   39,84 |   32,81 |   35,16 |   39,84 |    35,16 |   38,05 | 0,174 
           J48 |   37,50 |   34,38 |   42,19 |   35,94 |   33,59 |   49,22 |   39,84 |   38,28 |   42,97 |    39,84 |   39,38 | 0,192 
    LogitBoost |   47,66 |   42,97 |   46,88 |   36,72 |   38,28 |   39,84 |   37,50 |   40,63 |   41,41 |    40,63 |   41,25 | 0,217 
    NaiveBayes |   41,41 |   36,72 |   41,41 |   41,41 |   39,06 |   41,41 |   43,75 |   37,50 |   42,19 |    42,19 |   40,70 | 0,209 
    Regression |   46,09 |   44,53 |   50,00 |   36,72 |   36,72 |   42,97 |   47,66 |   39,06 |   44,53 |    45,31 |   43,36 | 0,245 
RotationForest |   42,19 |   31,25 |   40,63 |   44,53 |   42,19 |   47,66 |   40,63 |   39,06 |   43,75 |    37,50 |   40,94 | 0,213 
           SMO |   40,63 |   42,97 |   44,53 |   45,31 |   50,78 |   48,44 |   38,28 |   40,63 |   46,09 |    45,31 |   44,30 | 0,257 


    Classifier | Correct #0 | Correct #1 
---------------+------------+------------
       Bagging |      42,11 |      41,02 
    Clustering |      37,34 |      40,70 
 DecisionTable |      44,06 |      43,91 
           END |      44,69 |      41,33 
           IBk |      37,50 |      38,05 
           J48 |      44,92 |      39,38 
    LogitBoost |      41,72 |      41,25 
    NaiveBayes |      45,08 |      40,70 
    Regression |      44,53 |      43,36 
RotationForest |      45,00 |      40,94 
           SMO |      44,84 |      44,30 
