    Classifier | Test #1 | Test #2 | Test #3 | Test #4 | Test #5 | Test #6 | Test #7 | Test #8 | Test #9 | Test #10 | Correct | Kappa 
---------------+---------+---------+---------+---------+---------+---------+---------+---------+---------+----------+---------+-------
       Bagging |   43,75 |   48,44 |   56,25 |   58,59 |   46,88 |   56,25 |   57,81 |   56,25 |   50,78 |    55,47 |   53,05 | 0,374 
    Clustering |   31,25 |   37,50 |   34,38 |   34,38 |   31,25 |   46,88 |   37,50 |   34,38 |   44,53 |    31,25 |   36,33 | 0,151 
 DecisionTable |   48,44 |   50,00 |   50,78 |   54,69 |   53,13 |   48,44 |   50,78 |   54,69 |   55,47 |    57,03 |   52,34 | 0,365 
           END |   50,78 |   50,00 |   53,13 |   48,44 |   57,81 |   50,78 |   49,22 |   54,69 |   51,56 |    55,47 |   52,19 | 0,362 
           IBk |   45,31 |   53,13 |   50,00 |   42,19 |   44,53 |   49,22 |   50,78 |   51,56 |   47,66 |    50,78 |   48,52 | 0,314 
           J48 |   52,34 |   54,69 |   50,78 |   52,34 |   54,69 |   55,47 |   67,19 |   53,91 |   53,91 |    57,03 |   55,23 | 0,403 
    LogitBoost |   45,31 |   49,22 |   50,78 |   48,44 |   60,94 |   47,66 |   45,31 |   57,81 |   53,13 |    52,34 |   51,09 | 0,348 
    NaiveBayes |   59,38 |   48,44 |   53,13 |   56,25 |   50,78 |   50,78 |   53,13 |   54,69 |   56,25 |    50,78 |   53,36 | 0,378 
    Regression |   52,34 |   51,56 |   47,66 |   51,56 |   58,59 |   55,47 |   51,56 |   60,94 |   60,94 |    57,03 |   54,77 | 0,397 
RotationForest |   52,34 |   50,78 |   54,69 |   49,22 |   53,13 |   50,78 |   53,91 |   51,56 |   54,69 |    53,13 |   52,42 | 0,366 
           SMO |   57,81 |   49,22 |   52,34 |   56,25 |   56,25 |   54,69 |   45,31 |   51,56 |   46,88 |    52,34 |   52,27 | 0,364 


    Classifier | Test #1 | Test #2 | Test #3 | Test #4 | Test #5 | Test #6 | Test #7 | Test #8 | Test #9 | Test #10 | Correct | Kappa 
---------------+---------+---------+---------+---------+---------+---------+---------+---------+---------+----------+---------+-------
       Bagging |   51,56 |   53,13 |   49,22 |   51,56 |   57,81 |   60,16 |   57,81 |   51,56 |   53,13 |    61,72 |   54,77 | 0,397 
    Clustering |   36,72 |   44,53 |   39,06 |   39,84 |   36,72 |   39,06 |   39,06 |   39,84 |   42,97 |    42,19 |   40,00 | 0,200 
 DecisionTable |   52,34 |   50,00 |   57,03 |   49,22 |   60,94 |   57,03 |   59,38 |   62,50 |   53,91 |    47,66 |   55,00 | 0,400 
           END |   53,13 |   60,16 |   58,59 |   59,38 |   53,91 |   56,25 |   54,69 |   53,13 |   55,47 |    52,34 |   55,70 | 0,409 
           IBk |   42,97 |   46,88 |   53,13 |   46,88 |   52,34 |   53,13 |   52,34 |   47,66 |   50,00 |    44,53 |   48,98 | 0,320 
           J48 |   50,00 |   57,81 |   50,00 |   50,78 |   50,78 |   46,09 |   44,53 |   53,91 |   46,09 |    50,00 |   50,00 | 0,333 
    LogitBoost |   53,91 |   53,91 |   59,38 |   53,13 |   62,50 |   55,47 |   57,03 |   59,38 |   60,94 |    52,34 |   56,80 | 0,424 
    NaiveBayes |   51,56 |   45,31 |   53,13 |   42,97 |   54,69 |   46,09 |   56,25 |   52,34 |   55,47 |    48,44 |   50,63 | 0,342 
    Regression |   58,59 |   53,13 |   58,59 |   64,84 |   54,69 |   57,03 |   52,34 |   60,94 |   57,81 |    54,69 |   57,27 | 0,430 
RotationForest |   58,59 |   54,69 |   61,72 |   51,56 |   56,25 |   54,69 |   56,25 |   53,13 |   62,50 |    69,53 |   57,89 | 0,439 
           SMO |   50,78 |   60,94 |   53,13 |   59,38 |   47,66 |   52,34 |   60,16 |   51,56 |   53,91 |    55,47 |   54,53 | 0,394 


    Classifier | Correct #0 | Correct #1 
---------------+------------+------------
       Bagging |      53,05 |      54,77 
    Clustering |      36,33 |      40,00 
 DecisionTable |      52,34 |      55,00 
           END |      52,19 |      55,70 
           IBk |      48,52 |      48,98 
           J48 |      55,23 |      50,00 
    LogitBoost |      51,09 |      56,80 
    NaiveBayes |      53,36 |      50,63 
    Regression |      54,77 |      57,27 
RotationForest |      52,42 |      57,89 
           SMO |      52,27 |      54,53 
