    Classifier | Test #1 | Test #2 | Test #3 | Test #4 | Test #5 | Test #6 | Test #7 | Test #8 | Test #9 | Test #10 | Correct | Kappa 
---------------+---------+---------+---------+---------+---------+---------+---------+---------+---------+----------+---------+-------
       Bagging |   56,25 |   51,56 |   49,22 |   57,81 |   52,34 |   54,69 |   53,13 |   46,09 |   53,13 |    57,03 |   53,13 | 0,375 
    Clustering |   42,97 |   46,88 |   43,75 |   42,97 |   42,97 |   45,31 |   43,75 |   44,53 |   47,66 |    44,53 |   44,53 | 0,260 
 DecisionTable |   49,22 |   59,38 |   49,22 |   50,78 |   58,59 |   57,03 |   53,13 |   55,47 |   50,78 |    54,69 |   53,83 | 0,384 
      Decorate |   57,03 |   52,34 |   56,25 |   57,03 |   53,91 |   54,69 |   57,03 |   57,03 |   53,91 |    53,13 |   55,23 | 0,403 
           END |   54,69 |   55,47 |   54,69 |   49,22 |   53,91 |   47,66 |   46,88 |   56,25 |   51,56 |    55,47 |   52,58 | 0,368 
           IBk |   47,66 |   48,44 |   46,88 |   39,06 |   47,66 |   42,97 |   48,44 |   45,31 |   47,66 |    48,44 |   46,25 | 0,283 
           J48 |   55,47 |   52,34 |   49,22 |   57,03 |   56,25 |   51,56 |   57,03 |   50,78 |   62,50 |    50,00 |   54,22 | 0,390 
         KStar |   48,44 |   50,78 |   47,66 |   53,91 |   47,66 |   53,13 |   55,47 |   50,00 |   52,34 |    52,34 |   51,17 | 0,349 
    LogitBoost |   55,47 |   49,22 |   53,91 |   56,25 |   55,47 |   55,47 |   49,22 |   53,13 |   51,56 |    53,13 |   53,28 | 0,377 
    NaiveBayes |   56,25 |   50,78 |   50,78 |   47,66 |   50,78 |   60,16 |   63,28 |   53,91 |   56,25 |    60,94 |   55,08 | 0,401 
    Regression |   54,69 |   51,56 |   45,31 |   48,44 |   55,47 |   49,22 |   50,78 |   63,28 |   47,66 |    56,25 |   52,27 | 0,364 
RotationForest |   52,34 |   47,66 |   53,13 |   53,13 |   51,56 |   55,47 |   49,22 |   46,09 |   46,88 |    52,34 |   50,78 | 0,344 
           SMO |   53,91 |   47,66 |   56,25 |   56,25 |   54,69 |   52,34 |   53,13 |   57,03 |   57,81 |    53,13 |   54,22 | 0,390 


    Classifier | Test #1 | Test #2 | Test #3 | Test #4 | Test #5 | Test #6 | Test #7 | Test #8 | Test #9 | Test #10 | Correct | Kappa 
---------------+---------+---------+---------+---------+---------+---------+---------+---------+---------+----------+---------+-------
       Bagging |   57,03 |   61,72 |   57,03 |   53,91 |   55,47 |   59,38 |   55,47 |   64,84 |   60,94 |    50,78 |   57,66 | 0,435 
    Clustering |   38,28 |   36,72 |   37,50 |   33,59 |   34,38 |   39,84 |   40,63 |   39,84 |   36,72 |    36,72 |   37,42 | 0,166 
 DecisionTable |   57,03 |   53,13 |   53,13 |   48,44 |   54,69 |   48,44 |   48,44 |   57,81 |   53,13 |    53,13 |   52,73 | 0,370 
      Decorate |   50,78 |   51,56 |   47,66 |   50,78 |   55,47 |   47,66 |   53,13 |   52,34 |   48,44 |    51,56 |   50,94 | 0,346 
           END |   50,00 |   51,56 |   45,31 |   53,13 |   58,59 |   58,59 |   53,13 |   56,25 |   60,16 |    54,69 |   54,14 | 0,389 
           IBk |   46,88 |   39,06 |   47,66 |   53,91 |   42,97 |   54,69 |   42,97 |   43,75 |   49,22 |    47,66 |   46,88 | 0,292 
           J48 |   49,22 |   53,91 |   49,22 |   47,66 |   46,09 |   40,63 |   51,56 |   44,53 |   42,19 |    50,00 |   47,50 | 0,300 
         KStar |   41,41 |   50,78 |   50,78 |   43,75 |   49,22 |   42,97 |   43,75 |   51,56 |   38,28 |    47,66 |   46,02 | 0,280 
    LogitBoost |   52,34 |   50,00 |   50,78 |   56,25 |   56,25 |   53,13 |   50,78 |   48,44 |   46,09 |    51,56 |   51,56 | 0,354 
    NaiveBayes |   50,78 |   56,25 |   50,78 |   57,81 |   57,03 |   54,69 |   57,03 |   60,16 |   40,63 |    51,56 |   53,67 | 0,382 
    Regression |   53,13 |   52,34 |   55,47 |   56,25 |   53,13 |   57,03 |   60,94 |   50,00 |   48,44 |    50,00 |   53,67 | 0,382 
RotationForest |   53,91 |   46,09 |   55,47 |   54,69 |   54,69 |   49,22 |   50,78 |   58,59 |   46,09 |    41,41 |   51,09 | 0,348 
           SMO |   54,69 |   53,91 |   50,78 |   55,47 |   49,22 |   55,47 |   54,69 |   51,56 |   53,13 |    56,25 |   53,52 | 0,380 


    Classifier | Correct #0 | Correct #1 
---------------+------------+------------
       Bagging |      53,13 |      57,66 
    Clustering |      44,53 |      37,42 
 DecisionTable |      53,83 |      52,73 
      Decorate |      55,23 |      50,94 
           END |      52,58 |      54,14 
           IBk |      46,25 |      46,88 
           J48 |      54,22 |      47,50 
         KStar |      51,17 |      46,02 
    LogitBoost |      53,28 |      51,56 
    NaiveBayes |      55,08 |      53,67 
    Regression |      52,27 |      53,67 
RotationForest |      50,78 |      51,09 
           SMO |      54,22 |      53,52 
