    Classifier | Test #1 | Test #2 | Test #3 | Test #4 | Test #5 | Test #6 | Test #7 | Test #8 | Test #9 | Test #10 | Correct | Kappa 
---------------+---------+---------+---------+---------+---------+---------+---------+---------+---------+----------+---------+-------
       Bagging |   50,00 |   48,44 |   45,31 |   48,44 |   42,19 |   46,88 |   39,84 |   35,16 |   43,75 |    40,63 |   44,06 | 0,254 
    Clustering |   41,41 |   45,31 |   42,97 |   39,06 |   41,41 |   42,19 |   43,75 |   43,75 |   41,41 |    41,41 |   42,27 | 0,230 
 DecisionTable |   42,97 |   39,06 |   46,09 |   42,19 |   49,22 |   50,00 |   48,44 |   36,72 |   42,97 |    40,63 |   43,83 | 0,251 
           END |   45,31 |   43,75 |   44,53 |   44,53 |   50,78 |   49,22 |   40,63 |   44,53 |   42,97 |    39,84 |   44,61 | 0,261 
           IBk |   36,72 |   39,06 |   30,47 |   40,63 |   35,16 |   39,84 |   38,28 |   42,97 |   42,97 |    40,63 |   38,67 | 0,182 
           J48 |   39,06 |   44,53 |   47,66 |   46,88 |   44,53 |   42,97 |   44,53 |   46,09 |   46,88 |    47,66 |   45,08 | 0,268 
    LogitBoost |   47,66 |   45,31 |   47,66 |   41,41 |   42,19 |   33,59 |   39,06 |   51,56 |   33,59 |    39,84 |   42,19 | 0,229 
    NaiveBayes |   44,53 |   35,94 |   44,53 |   44,53 |   50,00 |   42,97 |   40,63 |   45,31 |   52,34 |    39,84 |   44,06 | 0,254 
    Regression |   44,53 |   41,41 |   46,09 |   44,53 |   42,97 |   49,22 |   40,63 |   39,84 |   49,22 |    48,44 |   44,69 | 0,263 
RotationForest |   46,09 |   41,41 |   45,31 |   43,75 |   42,97 |   44,53 |   47,66 |   48,44 |   46,88 |    40,63 |   44,77 | 0,264 
           SMO |   43,75 |   42,97 |   40,63 |   46,09 |   37,50 |   49,22 |   46,09 |   43,75 |   42,19 |    39,06 |   43,13 | 0,242 


    Classifier | Test #1 | Test #2 | Test #3 | Test #4 | Test #5 | Test #6 | Test #7 | Test #8 | Test #9 | Test #10 | Correct | Kappa 
---------------+---------+---------+---------+---------+---------+---------+---------+---------+---------+----------+---------+-------
       Bagging |   46,09 |   43,75 |   37,50 |   46,09 |   35,94 |   44,53 |   46,88 |   41,41 |   43,75 |    39,06 |   42,50 | 0,233 
    Clustering |   32,81 |   35,94 |   37,50 |   39,84 |   39,84 |   41,41 |   39,06 |   43,75 |   38,28 |    39,84 |   38,83 | 0,184 
 DecisionTable |   35,94 |   52,34 |   43,75 |   44,53 |   50,00 |   40,63 |   47,66 |   39,84 |   42,19 |    42,97 |   43,98 | 0,253 
           END |   45,31 |   39,06 |   41,41 |   37,50 |   39,84 |   48,44 |   44,53 |   46,88 |   35,94 |    37,50 |   41,64 | 0,222 
           IBk |   43,75 |   32,81 |   32,81 |   35,16 |   30,47 |   35,16 |   37,50 |   28,13 |   42,19 |    33,59 |   35,16 | 0,135 
           J48 |   46,09 |   32,81 |   46,88 |   37,50 |   41,41 |   36,72 |   33,59 |   28,91 |   39,06 |    43,75 |   38,67 | 0,182 
    LogitBoost |   42,19 |   40,63 |   45,31 |   40,63 |   42,19 |   46,88 |   46,09 |   41,41 |   35,16 |    41,41 |   42,19 | 0,229 
    NaiveBayes |   34,38 |   46,88 |   47,66 |   44,53 |   48,44 |   42,97 |   41,41 |   40,63 |   53,13 |    43,75 |   44,38 | 0,258 
    Regression |   49,22 |   35,94 |   38,28 |   43,75 |   52,34 |   43,75 |   42,19 |   48,44 |   35,94 |    39,06 |   42,89 | 0,239 
RotationForest |   41,41 |   36,72 |   36,72 |   42,19 |   35,16 |   39,06 |   38,28 |   42,19 |   42,19 |    28,91 |   38,28 | 0,177 
           SMO |   46,88 |   42,19 |   45,31 |   43,75 |   41,41 |   52,34 |   44,53 |   43,75 |   49,22 |    45,31 |   45,47 | 0,273 


    Classifier | Correct #0 | Correct #1 
---------------+------------+------------
       Bagging |      44,06 |      42,50 
    Clustering |      42,27 |      38,83 
 DecisionTable |      43,83 |      43,98 
           END |      44,61 |      41,64 
           IBk |      38,67 |      35,16 
           J48 |      45,08 |      38,67 
    LogitBoost |      42,19 |      42,19 
    NaiveBayes |      44,06 |      44,38 
    Regression |      44,69 |      42,89 
RotationForest |      44,77 |      38,28 
           SMO |      43,13 |      45,47 
