    Classifier | Test #1 | Test #2 | Test #3 | Test #4 | Test #5 | Test #6 | Test #7 | Test #8 | Test #9 | Test #10 | Correct | Kappa 
---------------+---------+---------+---------+---------+---------+---------+---------+---------+---------+----------+---------+-------
       Bagging |   33,59 |   45,31 |   43,75 |   39,06 |   39,84 |   45,31 |   43,75 |   41,41 |   51,56 |    49,22 |   43,28 | 0,244 
    Clustering |   44,53 |   43,75 |   46,09 |   43,75 |   42,97 |   42,19 |   42,19 |   46,09 |   44,53 |    40,63 |   43,67 | 0,249 
 DecisionTable |   46,09 |   42,97 |   42,97 |   45,31 |   34,38 |   43,75 |   46,09 |   43,75 |   46,88 |    44,53 |   43,67 | 0,249 
           END |   44,53 |   43,75 |   49,22 |   46,09 |   44,53 |   50,00 |   42,97 |   45,31 |   53,13 |    47,66 |   46,72 | 0,290 
           IBk |   35,16 |   46,88 |   41,41 |   38,28 |   37,50 |   39,84 |   36,72 |   45,31 |   43,75 |    46,09 |   41,09 | 0,215 
           J48 |   42,97 |   47,66 |   50,00 |   44,53 |   41,41 |   50,00 |   43,75 |   46,88 |   49,22 |    48,44 |   46,48 | 0,286 
    LogitBoost |   48,44 |   49,22 |   47,66 |   50,00 |   44,53 |   45,31 |   44,53 |   44,53 |   50,00 |    46,09 |   47,03 | 0,294 
    NaiveBayes |   43,75 |   34,38 |   49,22 |   39,84 |   58,59 |   46,88 |   46,09 |   51,56 |   44,53 |    51,56 |   46,64 | 0,289 
    Regression |   45,31 |   44,53 |   33,59 |   46,09 |   46,88 |   42,19 |   50,00 |   51,56 |   47,66 |    50,00 |   45,78 | 0,277 
RotationForest |   46,09 |   45,31 |   42,97 |   43,75 |   39,84 |   49,22 |   47,66 |   46,09 |   50,78 |    46,09 |   45,78 | 0,277 
           SMO |   46,09 |   49,22 |   43,75 |   52,34 |   42,19 |   44,53 |   46,88 |   46,88 |   45,31 |    53,13 |   47,03 | 0,294 


    Classifier | Test #1 | Test #2 | Test #3 | Test #4 | Test #5 | Test #6 | Test #7 | Test #8 | Test #9 | Test #10 | Correct | Kappa 
---------------+---------+---------+---------+---------+---------+---------+---------+---------+---------+----------+---------+-------
       Bagging |   51,56 |   50,00 |   48,44 |   46,09 |   51,56 |   54,69 |   46,09 |   53,91 |   44,53 |    47,66 |   49,45 | 0,326 
    Clustering |   39,06 |   38,28 |   39,84 |   35,16 |   34,38 |   36,72 |   38,28 |   34,38 |   39,84 |    35,94 |   37,19 | 0,163 
 DecisionTable |   45,31 |   44,53 |   45,31 |   51,56 |   46,88 |   50,00 |   57,03 |   52,34 |   50,78 |    46,88 |   49,06 | 0,321 
           END |   43,75 |   43,75 |   43,75 |   42,19 |   45,31 |   53,91 |   42,97 |   44,53 |   42,19 |    49,22 |   45,16 | 0,269 
           IBk |   42,19 |   44,53 |   47,66 |   39,06 |   42,97 |   42,97 |   39,06 |   35,94 |   39,06 |    39,84 |   41,33 | 0,218 
           J48 |   42,97 |   42,19 |   38,28 |   45,31 |   47,66 |   41,41 |   47,66 |   44,53 |   45,31 |    46,09 |   44,14 | 0,255 
    LogitBoost |   43,75 |   53,13 |   50,78 |   51,56 |   49,22 |   51,56 |   51,56 |   56,25 |   48,44 |    50,78 |   50,70 | 0,343 
    NaiveBayes |   43,75 |   42,19 |   39,84 |   52,34 |   41,41 |   46,09 |   48,44 |   45,31 |   41,41 |    45,31 |   44,61 | 0,261 
    Regression |   47,66 |   56,25 |   52,34 |   54,69 |   48,44 |   48,44 |   50,78 |   46,09 |   44,53 |    48,44 |   49,77 | 0,330 
RotationForest |   37,50 |   49,22 |   39,84 |   47,66 |   45,31 |   44,53 |   47,66 |   46,09 |   50,00 |    42,19 |   45,00 | 0,267 
           SMO |   53,91 |   49,22 |   51,56 |   55,47 |   57,03 |   56,25 |   49,22 |   49,22 |   46,09 |    48,44 |   51,64 | 0,355 


    Classifier | Correct #0 | Correct #1 
---------------+------------+------------
       Bagging |      43,28 |      49,45 
    Clustering |      43,67 |      37,19 
 DecisionTable |      43,67 |      49,06 
           END |      46,72 |      45,16 
           IBk |      41,09 |      41,33 
           J48 |      46,48 |      44,14 
    LogitBoost |      47,03 |      50,70 
    NaiveBayes |      46,64 |      44,61 
    Regression |      45,78 |      49,77 
RotationForest |      45,78 |      45,00 
           SMO |      47,03 |      51,64 
