KendallTauMin
LAbsMin
LSquareMin
CanberraDistanceMin
LAbsMean
KendallTauMean
CanberraDistanceMean
LSquareMean
LSquareStandardDeviation
LAbsStandardDeviation
KendallTauStandardDeviation
LMaxMin
LAbsMax
CanberraDistanceStandardDeviation
CanberraDistanceMax
class

Bagging
  893   101     3     2     1     0 
  128   764     6    49    25    28 
  130    64   611    83    97    15 
  133   134    62   233   351    87 
   20    99    54   244   448   135 
    1    28     4    25    48   894 
0.633
0.5686
64.05%

DecisionTable
  901    96     0     3     0     0 
  140   755     5    54    25    21 
  138    59   611    56   117    19 
  135   130    69   136   423   107 
   24    89    61   128   532   166 
    6    29     3    14    57   891 
0.626
0.5652
63.77%

IBk
  923    77     0     0     0     0 
  165   738     1    41    28    27 
  141    60   614    74    96    15 
  134   153    71   184   370    88 
   21   104    55   262   430   128 
    1    24     8    25    48   894 
0.620
0.5566
63.05%

J48
  757   121    52    64     6     0 
  109   668    47    89    56    31 
  106    62   609    88   125    10 
  105   137    83   202   394    79 
   17    87    90   182   522   102 
    2    28    13    73    73   811 
0.589
0.5138
59.48%

LogitBoost
  901    96     0     3     0     0 
  130   787     0    46    16    21 
  128    74   610    57   114    17 
  128   155    62   129   416   110 
   21   114    52   130   540   143 
    0    30     2    27    51   890 
0.631
0.5714
64.28%

NaiveBayes
  943    55     0     1     1     0 
  204   693     0    55    24    24 
  146    61   639    40    99    15 
  149   152   106    97   367   129 
   24   113   118    92   487   166 
    1    12    17     8    58   904 
0.608
0.5526
62.72%

ClassificationViaRegression
  904    93     0     2     1     0 
  136   768     2    22    42    30 
  128    68   614    52   122    16 
  129   156    55   133   422   105 
   20   112    47   135   540   146 
    1    21     6    13    29   930 
0.637
0.5778
64.82%

SMO
  935    63     0     2     0     0 
  171   734     0    41    23    31 
  139    58   598    40   150    15 
  140   134    97   111   422    96 
   22   106   110    99   523   140 
    1    26     8     0    49   916 
0.622
0.5634
63.62%

