KendallTauMin
LSquareMin
LAbsMin
LMaxMin
CanberraDistanceMin
KendallTauMean
LAbsMean
LSquareMean
CanberraDistanceMean
KendallTauMax
LAbsMax
LevenshteinDistanceMin
LevenshteinDistanceStandardDeviation
LSquareMax
LMaxStandardDeviation
class

Bagging
  554   162    98    99    73    14 
   10   828    29    70    63     0 
  152   214   211   157   180    86 
  115   280   190   176   146    93 
  113   287   184   169   154    93 
   17    11    31    25    23   893 
0.448
0.3632
46.93%

DecisionTable
  558   172    93   111    36    30 
    1   895     7    56    41     0 
  142   242   186   217    99   114 
  111   291   165   221    97   115 
  116   298   170   188   121   107 
   47    13    31    18    15   876 
0.454
0.3714
47.62%

IBk
  582   169    98    80    55    16 
    5   869    30    38    58     0 
  162   237   244   148   112    97 
  126   297   196   180   107    94 
  130   309   216   132   124    89 
   27    10    30    25    17   891 
0.459
0.3780
48.17%

J48
  525    91   131   125   106    22 
  114   490   110   145   140     1 
  189   132   232   192   188    67 
  140   171   227   191   192    79 
  163   164   224   186   185    78 
   21     8    50    55    47   819 
0.400
0.2884
40.70%

LogitBoost
  515   179   171    92    19    24 
    0   928     3    39    30     0 
  116   260   289   145    97    93 
   80   321   250   153   104    92 
   85   348   240   133   106    88 
   23    13    35    20    47   862 
0.457
0.3706
47.55%

NaiveBayes
  509   219    67   167     6    32 
    0   966     0    34     0     0 
  111   305    38   391    14   141 
   74   385    37   353    22   129 
   79   395    42   342    12   130 
   43    13     1    52     7   884 
0.427
0.3524
46.03%

ClassificationViaRegression
  587   183   105    67    33    25 
    0   945    21    16    17     1 
  186   269   234   129    65   117 
  122   330   221   119    81   127 
  131   345   206   108    90   120 
   26    14    25     5     5   925 
0.455
0.3800
48.33%

SMO
  587   191    35   100    68    19 
    0   948     0    23    29     0 
  169   274    75   191   186   105 
  117   346    55   174   198   110 
  123   366    67   173   160   111 
   22    13    10     8    29   918 
0.450
0.3724
47.70%

