LSquareMin
KendallTauMin
LAbsMin
KendallTauMean
LAbsMean
LSquareMean
LMaxMin
CanberraDistanceMin
KendallTauMax
CanberraDistanceMean
LAbsMax
LSquareMax
KendallTauStandardDeviation
LAbsStandardDeviation
LSquareStandardDeviation
class

Bagging
  553   123   129    95    80    20 
   12   810    51    60    66     1 
  156   160   230   205   159    90 
  120   197   225   197   163    98 
  124   234   196   159   191    96 
   17    13    29    12    22   907 
0.461
0.3776
48.13%

DecisionTable
  559   168   116    95    33    29 
    5   898     6    61    30     0 
  145   228   219   177   117   114 
  103   281   219   185   105   107 
  106   312   193   185    94   110 
   35    13    38    12    28   874 
0.446
0.3658
47.15%

IBk
  560   163   106    78    68    25 
    4   870    27    42    57     0 
  151   229   212   186   121   101 
  125   272   194   181   127   101 
  128   292   170   174   141    95 
   25    12    28    16    23   896 
0.453
0.3720
47.67%

J48
  518    75   138   120   119    30 
   85   552   113   109   134     7 
  195   123   204   221   174    83 
  169   145   206   207   194    79 
  160   156   168   227   210    79 
   28    13    57    43    51   808 
0.408
0.2998
41.65%

LogitBoost
  537   162   144   103    38    16 
    0   920    19    30    29     2 
  134   247   265   153   111    90 
   88   283   270   163    94   102 
   83   313   220   153   121   110 
   41    14    36    13    15   881 
0.461
0.3774
48.12%

NaiveBayes
  567   201    46   139     7    40 
    0   938     0    43    17     2 
  148   278    51   314    43   166 
   97   353    44   303    39   164 
  107   367    40   284    32   170 
   63    12     0    14    10   901 
0.431
0.3584
46.53%

ClassificationViaRegression
  578   158    79   128    33    24 
    0   895    19    71    12     3 
  162   227   188   247    64   112 
  112   257   176   275    73   107 
  117   300   177   236    57   113 
   28    18    17     8     5   924 
0.457
0.3834
48.62%

SMO
  590   172    46    75    93    24 
    0   935     0    24    39     2 
  162   250    75   148   236   129 
  114   300    64   174   221   127 
  121   333    72   141   206   127 
   32    12     9     6    24   917 
0.455
0.3794
48.28%

