KendallTauMin
LSquareMin
LAbsMin
CanberraDistanceMin
CanberraDistanceMean
KendallTauMean
LAbsMean
LMaxMin
LSquareMean
LAbsStandardDeviation
LAbsMax
CanberraDistanceMax
KendallTauStandardDeviation
LSquareStandardDeviation
CanberraDistanceStandardDeviation
class

Bagging
  759   188     3    29    19     2 
  264   568     1    56    73    38 
   29    38   786    75    52    20 
   97   112    80   313   295   103 
   41   117    62   299   305   176 
    4    35    17    49    56   839 
0.587
0.5140
59.50%

DecisionTable
  820   139     3    19    12     7 
  390   444     1    57    63    45 
   47    29   773    77    49    25 
  117   124    93   264   281   121 
   59   112    55   256   308   210 
   14    49    21    45    56   815 
0.561
0.4848
57.07%

IBk
  795   165     4    18    16     2 
  374   480     0    59    45    42 
   36    32   789    67    50    26 
  107   139    97   284   255   118 
   51   140    63   293   254   199 
    5    35    17    44    49   850 
0.564
0.4904
57.53%

J48
  654   223    28    55    34     6 
  254   502    35    92    78    39 
   26    33   763   100    58    20 
   93   103   124   294   306    80 
   55    92   101   288   313   151 
   10    49    24    65   101   751 
0.540
0.4554
54.62%

LogitBoost
  776   189     3    16    16     0 
  331   547     0    49    33    40 
   25    44   797    78    28    28 
  101   132    98   293   261   115 
   47   137    65   278   268   205 
    4    33    12    40    80   831 
0.575
0.5024
58.53%

NaiveBayes
  741   238     4     8     9     0 
  402   490     0    38    51    19 
   30    53   829    31    31    26 
  101   187   145   142   287   138 
   35   199   113   131   300   222 
    4    40    32     5   121   798 
0.537
0.4600
55.00%

ClassificationViaRegression
  778   170     5    22    20     5 
  243   611     1    46    62    37 
   30    31   794    56    66    23 
  113    98   100   258   317   114 
   55    95    68   228   361   193 
    8    35    16    20    30   891 
0.605
0.5386
61.55%

SMO
  816   150     4    25     3     2 
  361   517     0    71    19    32 
   34    37   803    67    27    32 
  127   113   135   370   152   103 
   58   121    95   351   184   191 
    5    31    17    22    63   862 
0.579
0.5104
59.20%

