LevenshteinDistanceMin
CayleyDistanceMin
KendallTauMin
CanberraDistanceMin
LAbsMin
CayleyDistanceMean
LSquareMin
CayleyDistanceMax
CanberraDistanceMean
LAbsMean
LevenshteinDistanceMean
LevenshteinDistanceStandardDeviation
KendallTauMean
LMaxMin
LevenshteinDistanceKurtosis
class

Bagging
  795   176     4     9    16     0 
  246   587     2    66    68    31 
   36    36   781    81    41    25 
   87   177    86   285   282    83 
   30   159    59   284   293   175 
    3    28    15    43    80   831 
0.586
0.5144
59.53%

DecisionTable
  833   156     1     5     5     0 
  294   553     1    45    79    28 
   44    42   789    63    36    26 
   96   190    98   211   308    97 
   36   182    61   228   290   203 
    8    31    23    34    93   811 
0.569
0.4974
58.12%

IBk
  802   176     4     8    10     0 
  286   560     0    64    64    26 
   37    37   790    78    36    22 
   88   189    96   276   263    88 
   30   182    61   308   240   179 
    3    29    16    37    64   851 
0.575
0.5038
58.65%

J48
  670   207    20    66    36     1 
  278   434    22   117   125    24 
   36    34   764    82    63    21 
   83   156   111   264   311    75 
   44   133    90   286   307   140 
    5    34    27    83   100   751 
0.527
0.4380
53.17%

LogitBoost
  823   157     4    13     3     0 
  287   580     0    56    63    14 
   35    37   800    62    41    25 
   88   205    95   254   272    86 
   34   194    60   259   301   152 
    5    28    15    29   130   793 
0.583
0.5102
59.18%

NaiveBayes
  880   111     3     5     1     0 
  411   503     0    15    63     8 
   42    47   834    23    44    10 
  107   223   148    90   335    97 
   47   232    96    87   355   183 
    3    41    38     0   158   760 
0.557
0.4844
57.03%

ClassificationViaRegression
  811   167     8    10     4     0 
  230   623     1    52    62    32 
   38    36   795    63    39    29 
   95   167    95   264   266   113 
   43   157    65   253   290   192 
    3    25    17    24    67   864 
0.596
0.5294
60.78%

SMO
  883   102     4    11     0     0 
  377   497     0    68    40    18 
   42    34   800    75    26    23 
  111   178    98   348   175    90 
   44   180    68   331   207   170 
    3    31    16    19   102   829 
0.582
0.5128
59.40%

