CayleyDistanceMin
LevenshteinDistanceMin
LAbsMin
CanberraDistanceMin
KendallTauMin
CayleyDistanceStandardDeviation
LevenshteinDistanceStandardDeviation
CayleyDistanceMean
CayleyDistanceKurtosis
LSquareMin
class

Bagging
  920    70     3     7     0     0 
   85   803     2    57    37    16 
  134    66   605    82    99    14 
  138   169    62   205   353    73 
   17   117    50   235   445   136 
    1    18     4    26    52   899 
0.637
0.5754
64.62%

DecisionTable
  931    68     0     1     0     0 
   79   809     0    58    29    25 
  140    67   615    36   121    21 
  136   175    66    99   427    97 
   17   123    45   106   551   158 
    2    21     4    29    58   886 
0.633
0.5782
64.85%

IBk
  942    56     0     2     0     0 
  115   787     1    53    26    18 
  142    66   619    53   108    12 
  139   174    63   198   337    89 
   20   121    55   253   425   126 
    1    14     6    33    41   905 
0.635
0.5752
64.60%

J48
  838    77    36    43     6     0 
   83   719    27    89    57    25 
  124    57   614    79   111    15 
  120   140   105   173   384    78 
   18    90    81   172   510   129 
    1    19     7    43    78   852 
0.607
0.5412
61.77%

LogitBoost
  929    70     0     1     0     0 
   76   817     0    68    26    13 
  140    62   619    45   120    14 
  135   155    63   132   429    86 
   17   107    46   135   566   129 
    1    19     4    28    46   902 
0.648
0.5930
66.08%

NaiveBayes
  980    19     0     0     1     0 
  214   664     0    36    76    10 
  153    88   627    36    70    26 
  159   204    80   110   327   120 
   25   165    84   135   402   189 
    1     2     4     2    79   912 
0.599
0.5390
61.58%

ClassificationViaRegression
  934    65     0     1     0     0 
   80   819     0    45    39    17 
  140    63   611    34   133    19 
  137   160    61    81   463    98 
   17   119    48    95   584   137 
    1    20     5    12    42   920 
0.641
0.5898
65.82%

SMO
  966    34     0     0     0     0 
  168   752     0    30    30    20 
  149    66   622    30   119    14 
  150   170    86    78   411   105 
   22   135    98    71   530   144 
    1    17     5     0    48   929 
0.629
0.5754
64.62%

