KendallTauMin
LAbsMin
LSquareMin
CanberraDistanceMin
LAbsMean
KendallTauMean
CanberraDistanceMean
LSquareMean
LSquareStandardDeviation
LAbsStandardDeviation
class

Bagging
  890    98     5     7     0     0 
  120   757     2    58    33    30 
  127    70   609    82    96    16 
  129   148    65   228   348    82 
   20    98    52   242   456   132 
    1    22     3    30    42   902 
0.633
0.5684
64.03%

DecisionTable
  904    95     0     0     1     0 
  140   747     0    55    31    27 
  136    63   611    43   125    22 
  137   134    57   118   435   119 
   24    86    60   117   534   179 
    4    27     6    16    60   887 
0.622
0.5602
63.35%

IBk
  920    79     0     0     1     0 
  156   733     1    59    21    30 
  137    60   620    83    85    15 
  136   137    66   236   333    92 
   19   107    54   247   440   133 
    1    21     7    18    43   910 
0.635
0.5718
64.32%

J48
  797   119    39    41     4     0 
  115   685    36    85    40    39 
  113    70   609    57   139    12 
  112   115    82   199   422    70 
   17    91    74   188   516   114 
    0    24     8    65    73   830 
0.599
0.5272
60.60%

LogitBoost
  892   105     0     3     0     0 
  137   793     0    39     5    26 
  126    78   611    62   105    18 
  131   184    57   146   380   102 
   21   127    51   151   513   137 
    0    23     5    42    38   892 
0.630
0.5694
64.12%

NaiveBayes
  941    58     0     0     1     0 
  195   697     0    52    40    16 
  147    62   646    32    95    18 
  149   148    97    84   391   131 
   23   119   105    74   499   180 
    1     8    21     8    64   898 
0.609
0.5530
62.75%

ClassificationViaRegression
  906    93     0     1     0     0 
  124   776     0    42    25    33 
  129    67   617    49   123    15 
  133   148    63   147   404   105 
   20   103    52   150   528   147 
    1    19     5     7    26   942 
0.641
0.5832
65.27%

SMO
  938    60     0     2     0     0 
  173   730     0    47    19    31 
  142    52   620    50   122    14 
  141   141    98   103   419    98 
   22   106   107   106   520   139 
    1    24     3     0    45   927 
0.622
0.5676
63.97%

