LSquareMin
KendallTauMin
LAbsMin
KendallTauMean
LAbsMean
LSquareMean
LMaxMin
CanberraDistanceMin
KendallTauMax
CanberraDistanceMean
class

Bagging
  534   123   120   110    87    26 
   15   796    41    73    72     3 
  166   161   221   179   180    93 
  128   206   196   205   169    96 
  119   239   177   182   193    90 
   23    13    17    18    19   910 
0.456
0.3718
47.65%

DecisionTable
  570   171   111    92    22    34 
    4   899     5    65    24     3 
  159   229   213   177    78   144 
  115   295   185   202    66   137 
  133   311   182   178    57   139 
   69    14    15    11    12   879 
0.439
0.3640
47.00%

IBk
  560   155   129    63    66    27 
    3   865    31    47    53     1 
  156   209   216   187   130   102 
  129   260   198   170   146    97 
  128   279   163   185   147    98 
   17    12    22    15    26   908 
0.453
0.3732
47.77%

J48
  489    88   166   115   117    25 
   70   559    94   123   151     3 
  196   113   250   190   172    79 
  156   151   240   184   184    85 
  172   167   233   174   172    82 
   23    14    53    44    41   825 
0.404
0.2958
41.32%

LogitBoost
  500   167   133   127    40    33 
    0   925     4    40    31     0 
  126   252   139   238   120   125 
   83   296   133   245   123   120 
   81   318   137   225   132   107 
   44    14     7    21    37   877 
0.447
0.3636
46.97%

NaiveBayes
  467   193    62   159     0   119 
    0   938     0    60     1     1 
   94   272    49   377     0   208 
   70   345    45   363     0   177 
   72   359    43   350     0   176 
   68    12     1    36     0   883 
0.397
0.3400
45.00%

ClassificationViaRegression
  582   159   121    81    29    28 
    0   892    14    76    14     4 
  165   216   293   155    71   100 
  122   244   286   168    73   107 
  126   288   258   155    63   110 
   26    15    17     3     7   932 
0.459
0.3860
48.83%

SMO
  587   177    40    72    96    28 
    0   933     0    25    39     3 
  165   256    72   164   210   133 
  116   307    68   163   219   127 
  116   334    82   134   212   122 
   34    13     5     7    22   919 
0.451
0.3772
48.10%

