KendallTauMin
LSquareMin
LAbsMin
LMaxMin
CanberraDistanceMin
KendallTauMean
LAbsMean
LSquareMean
CanberraDistanceMean
KendallTauMax
class

Bagging
  544   152   117    97    71    19 
    6   823    47    45    79     0 
  163   213   211   175   155    83 
  121   279   184   170   151    95 
  125   280   200   171   130    94 
   22    13    29    25    26   885 
0.438
0.3526
46.05%

DecisionTable
  562   161    91   104    50    32 
    0   877    17    50    56     0 
  161   230   185   193   118   113 
  126   288   145   209   130   102 
  121   296   154   207   113   109 
   47    14    30    15    17   877 
0.445
0.3646
47.05%

IBk
  572   169   118    78    45    18 
    6   873    30    46    45     0 
  175   234   240   142   121    88 
  130   296   195   177   117    85 
  127   311   186   171   112    93 
   22     9    31    31    17   890 
0.454
0.3728
47.73%

J48
  501    89   168   125    89    28 
  100   483   115   146   153     3 
  189   137   255   194   147    78 
  136   176   215   199   190    84 
  172   199   186   200   156    87 
   24    10    59    49    41   817 
0.393
0.2822
40.18%

LogitBoost
  505   187   222    58     8    20 
    0   937     8    45    10     0 
  114   269   345   118    72    82 
   78   331   299   142    69    81 
   77   354   280   129    82    78 
   29    13    29    16    53   860 
0.463
0.3742
47.85%

NaiveBayes
  501   211    75   161     5    47 
    0   955     0    43     2     0 
  109   292    42   384    19   154 
   75   368    38   354    24   141 
   80   385    45   332    19   139 
   58    13     1    44     9   875 
0.427
0.3492
45.77%

ClassificationViaRegression
  580   170   116    73    38    23 
    0   913    19    34    33     1 
  167   250   258   120    86   119 
  111   301   247   132    93   116 
  120   321   216   139    90   114 
   28    12    17    14     9   920 
0.453
0.3786
48.22%

SMO
  593   192    40   114    47    14 
    0   945     0    33    22     0 
  160   272    76   242   141   109 
  107   342    53   226   156   116 
  120   362    65   207   140   106 
   36    13     9    12    20   910 
0.457
0.3780
48.17%

