KendallTauMin
LSquareMin
LAbsMin
CanberraDistanceMin
CanberraDistanceMean
KendallTauMean
LAbsMean
LMaxMin
LSquareMean
LAbsStandardDeviation
class

Bagging
  780   169     4    24    17     6 
  256   575     1    58    71    39 
   27    39   786    77    51    20 
   98   114    80   303   303   102 
   47   111    61   292   321   168 
    7    33    16    51    51   842 
0.593
0.5214
60.12%

DecisionTable
  821   141     1    15    13     9 
  386   451     2    55    69    37 
   57    23   783    72    41    24 
  105   115   101   302   267   110 
   55   110    66   257   323   189 
   14    41    17    48    49   831 
0.577
0.5022
58.52%

IBk
  793   168     4    19    14     2 
  356   502     0    55    45    42 
   31    40   789    83    34    23 
  109   130    90   321   248   102 
   51   123    64   304   269   189 
    5    36    25    42    44   848 
0.577
0.5044
58.70%

J48
  673   201    18    74    29     5 
  269   482    26    86    88    49 
   32    36   775    79    58    20 
  113    96   108   328   272    83 
   54   112    87   306   290   151 
   11    43    26    74   108   738 
0.542
0.4572
54.77%

LogitBoost
  772   195     3    13    17     0 
  298   582     0    37    46    37 
   29    40   799    64    37    31 
   93   140    99   267   284   117 
   45   137    68   258   286   206 
    5    30    12    26    78   849 
0.581
0.5110
59.25%

NaiveBayes
  755   225     4     2    13     1 
  397   492     0     9    89    13 
   29    52   838     7    57    17 
   92   192   154    16   397   149 
   33   207   118    16   385   241 
    3    39    54     1   148   755 
0.520
0.4482
54.02%

ClassificationViaRegression
  774   174     4    23    23     2 
  249   595     0    69    54    33 
   25    38   792    63    58    24 
  114   109    97   370   212    98 
   59    89    69   353   241   189 
    6    33    18    40    24   879 
0.598
0.5302
60.85%

SMO
  827   142     4    22     3     2 
  373   505     0    68    20    34 
   33    38   803    69    26    31 
  119   125   141   357   159    99 
   54   129    96   340   192   189 
    4    35    17    21    66   857 
0.577
0.5082
59.02%

