LevenshteinDistanceMin
CayleyDistanceMin
KendallTauMin
CanberraDistanceMin
LAbsMin
CayleyDistanceMean
LSquareMin
CayleyDistanceMax
CanberraDistanceMean
LAbsMean
class

Bagging
  775   194     4    14    13     0 
  245   581     4    78    63    29 
   33    38   783    75    52    19 
   87   170    97   249   310    87 
   33   156    62   272   309   168 
    5    30    16    48    84   817 
0.576
0.5028
58.57%

DecisionTable
  819   165     3     4     8     1 
  269   581     0    55    73    22 
   41    44   792    69    33    21 
   88   190   109   230   273   110 
   28   190    67   230   299   186 
   10    36    19    36    73   826 
0.579
0.5094
59.12%

IBk
  794   186     4     7     9     0 
  289   575     0    48    61    27 
   37    34   788    79    39    23 
   93   200    92   273   244    98 
   32   179    57   313   249   170 
    4    29    20    38    69   840 
0.576
0.5038
58.65%

J48
  736   157    18    54    31     4 
  278   414    25   127   119    37 
   41    28   755    85    64    27 
  103   140   129   243   299    86 
   42   144    97   262   291   164 
    6    41    25    69   118   741 
0.522
0.4360
53.00%

LogitBoost
  817   168     3     3     9     0 
  287   571     0    33    80    29 
   35    41   787    74    38    25 
   99   192    95   249   249   116 
   33   179    62   222   294   210 
    5    34    18    21    96   826 
0.580
0.5088
59.07%

NaiveBayes
  881   108     4     1     6     0 
  418   485     0     7    83     7 
   40    49   839    10    51    11 
  105   219   160    30   387    99 
   47   221   111    36   397   188 
    3    42    64     0   145   746 
0.545
0.4756
56.30%

ClassificationViaRegression
  771   207     4    12     6     0 
  225   634     0    50    59    32 
   30    43   787    70    39    31 
   85   178    85   290   246   116 
   31   154    59   289   262   205 
    3    24    17    37    48   871 
0.592
0.5230
60.25%

SMO
  880   105     4    11     0     0 
  376   496     0    72    34    22 
   41    36   806    65    26    26 
  108   180   112   331   174    95 
   44   183    84   317   181   191 
    3    35    14    21    84   843 
0.574
0.5074
58.95%

