    Classifier | Test #1 | Test #2 | Test #3 | Test #4 | Test #5 | Test #6 | Test #7 | Test #8 | Test #9 | Test #10 | Correct | Kappa 
---------------+---------+---------+---------+---------+---------+---------+---------+---------+---------+----------+---------+-------
       Bagging |   79,51 |   76,83 |   78,05 |   78,29 |   79,76 |   79,51 |   75,37 |   78,54 |   76,10 |    79,76 |   78,17 | 0,563 
    Clustering |   72,20 |   68,54 |   71,46 |   69,51 |   70,49 |   70,73 |   74,15 |   71,22 |   70,98 |    73,41 |   71,27 | 0,425 
 DecisionTable |   80,73 |   74,88 |   82,20 |   78,54 |   82,93 |   77,80 |   77,56 |   79,51 |   80,00 |    74,15 |   78,83 | 0,577 
           END |   79,76 |   80,49 |   80,00 |   77,32 |   77,07 |   79,51 |   82,20 |   79,51 |   79,02 |    80,24 |   79,51 | 0,590 
           J48 |   81,95 |   77,32 |   79,27 |   80,00 |   78,29 |   79,51 |   75,85 |   80,49 |   80,24 |    82,68 |   79,56 | 0,591 
    LogitBoost |   80,24 |   78,05 |   76,10 |   79,27 |   75,85 |   78,78 |   78,78 |   80,24 |   80,49 |    78,05 |   78,59 | 0,572 
    NaiveBayes |   77,32 |   79,76 |   79,27 |   81,46 |   75,61 |   76,83 |   76,59 |   79,76 |   78,05 |    80,00 |   78,46 | 0,569 
    Regression |   77,56 |   80,49 |   80,24 |   79,51 |   78,29 |   79,76 |   79,27 |   82,93 |   80,24 |    79,51 |   79,78 | 0,596 
RotationForest |   80,73 |   79,02 |   80,00 |   78,78 |   77,32 |   76,59 |   78,05 |   78,05 |   77,80 |    79,02 |   78,54 | 0,571 
           SMO |   80,24 |   74,88 |   78,78 |   76,59 |   77,32 |   74,63 |   77,32 |   75,37 |   78,05 |    77,56 |   77,07 | 0,541 
           IBk |   70,49 |   74,39 |   69,51 |   71,71 |   72,93 |   73,90 |   74,39 |   72,93 |   69,02 |    73,66 |   72,29 | 0,446 
           IBk |   75,61 |   72,44 |   71,95 |   71,71 |   70,98 |   74,39 |   73,66 |   72,20 |   72,93 |    72,93 |   72,88 | 0,458 
           IBk |   74,88 |   75,85 |   79,27 |   76,59 |   79,27 |   75,85 |   79,51 |   78,54 |   79,27 |    77,32 |   77,63 | 0,553 
           IBk |   78,29 |   81,46 |   80,73 |   77,32 |   77,56 |   79,76 |   76,34 |   81,22 |   77,56 |    78,54 |   78,88 | 0,578 
           IBk |   79,51 |   81,95 |   81,71 |   81,22 |   80,49 |   80,00 |   81,71 |   75,61 |   81,22 |    78,54 |   80,20 | 0,604 
           IBk |   81,71 |   79,51 |   80,98 |   80,73 |   77,56 |   81,46 |   81,46 |   80,98 |   79,02 |    80,98 |   80,44 | 0,609 
           IBk |   80,24 |   82,20 |   78,78 |   77,56 |   81,22 |   79,76 |   79,27 |   78,05 |   81,95 |    81,22 |   80,02 | 0,600 
           IBk |   81,71 |   79,76 |   80,24 |   81,22 |   81,95 |   78,29 |   79,51 |   81,71 |   80,00 |    77,80 |   80,22 | 0,604 
           IBk |   80,00 |   80,24 |   80,00 |   79,76 |   82,44 |   80,24 |   81,71 |   78,78 |   76,10 |    80,24 |   79,95 | 0,599 


    Classifier | Test #1 | Test #2 | Test #3 | Test #4 | Test #5 | Test #6 | Test #7 | Test #8 | Test #9 | Test #10 | Correct | Kappa 
---------------+---------+---------+---------+---------+---------+---------+---------+---------+---------+----------+---------+-------
       Bagging |   75,61 |   74,39 |   78,78 |   73,66 |   77,32 |   80,73 |   75,12 |   77,32 |   71,22 |    77,32 |   76,15 | 0,523 
    Clustering |   67,07 |   68,05 |   68,54 |   65,85 |   67,80 |   69,76 |   67,32 |   65,85 |   66,34 |    68,29 |   67,49 | 0,350 
 DecisionTable |   78,78 |   75,61 |   74,39 |   73,90 |   77,56 |   75,12 |   70,73 |   72,20 |   73,90 |    72,20 |   74,44 | 0,489 
           END |   76,10 |   76,10 |   78,29 |   76,59 |   75,37 |   75,85 |   75,12 |   77,56 |   76,83 |    74,88 |   76,27 | 0,525 
           J48 |   76,59 |   76,59 |   75,12 |   70,98 |   75,12 |   75,61 |   74,88 |   75,61 |   77,56 |    75,61 |   75,37 | 0,507 
    LogitBoost |   73,41 |   73,90 |   74,15 |   76,59 |   75,61 |   76,10 |   74,63 |   73,41 |   72,44 |    73,90 |   74,41 | 0,488 
    NaiveBayes |   66,59 |   69,51 |   70,24 |   75,85 |   71,95 |   73,66 |   74,63 |   72,20 |   70,98 |    78,05 |   72,37 | 0,447 
    Regression |   75,12 |   78,05 |   76,83 |   77,32 |   73,17 |   77,56 |   78,05 |   78,78 |   74,15 |    76,10 |   76,51 | 0,530 
RotationForest |   78,05 |   76,83 |   78,05 |   74,88 |   76,59 |   77,07 |   76,34 |   77,80 |   76,10 |    76,83 |   76,85 | 0,537 
           SMO |   71,71 |   72,68 |   70,00 |   79,27 |   74,63 |   76,34 |   76,59 |   74,63 |   74,39 |    75,85 |   74,61 | 0,492 
           IBk |   70,73 |   67,80 |   70,49 |   62,44 |   67,32 |   67,80 |   73,90 |   69,51 |   70,24 |    70,49 |   69,07 | 0,381 
           IBk |   67,07 |   70,00 |   66,59 |   70,49 |   69,02 |   71,71 |   68,54 |   68,54 |   70,24 |    69,51 |   69,17 | 0,383 
           IBk |   70,73 |   72,44 |   68,78 |   73,41 |   69,02 |   75,85 |   70,49 |   73,66 |   71,95 |    72,20 |   71,85 | 0,437 
           IBk |   71,95 |   72,68 |   77,56 |   74,63 |   73,90 |   74,63 |   73,17 |   73,41 |   71,95 |    71,95 |   73,59 | 0,472 
           IBk |   70,49 |   74,15 |   71,95 |   75,61 |   71,95 |   74,63 |   75,85 |   70,98 |   72,93 |    75,12 |   73,37 | 0,467 
           IBk |   74,88 |   71,71 |   74,15 |   72,68 |   71,71 |   77,56 |   71,95 |   73,90 |   76,59 |    74,15 |   73,93 | 0,479 
           IBk |   74,15 |   73,41 |   72,68 |   74,63 |   74,88 |   73,41 |   76,83 |   75,37 |   71,95 |    71,95 |   73,93 | 0,479 
           IBk |   77,56 |   77,80 |   75,61 |   78,05 |   74,39 |   73,17 |   78,05 |   72,93 |   74,39 |    73,66 |   75,56 | 0,511 
           IBk |   74,15 |   73,90 |   74,88 |   73,90 |   74,63 |   76,10 |   78,05 |   79,02 |   75,85 |    75,37 |   75,59 | 0,512 


    Classifier | Test #1 | Test #2 | Test #3 | Test #4 | Test #5 | Test #6 | Test #7 | Test #8 | Test #9 | Test #10 | Correct | Kappa 
---------------+---------+---------+---------+---------+---------+---------+---------+---------+---------+----------+---------+-------
       Bagging |   81,46 |   83,66 |   83,41 |   83,41 |   83,90 |   83,41 |   78,54 |   79,27 |   80,73 |    82,20 |   82,00 | 0,640 
    Clustering |   68,78 |   68,05 |   67,07 |   68,29 |   67,80 |   69,27 |   66,83 |   66,34 |   68,78 |    67,32 |   67,85 | 0,357 
 DecisionTable |   77,56 |   80,73 |   77,32 |   77,80 |   83,66 |   79,02 |   79,76 |   76,59 |   78,78 |    81,71 |   79,29 | 0,586 
           END |   78,78 |   80,98 |   78,78 |   75,12 |   78,05 |   82,68 |   83,66 |   79,51 |   79,51 |    82,44 |   79,95 | 0,599 
           J48 |   78,78 |   79,27 |   81,22 |   83,41 |   81,22 |   79,76 |   75,12 |   80,73 |   78,78 |    79,51 |   79,78 | 0,596 
    LogitBoost |   81,71 |   82,20 |   82,44 |   81,46 |   77,32 |   77,32 |   77,80 |   79,76 |   75,12 |    84,63 |   79,98 | 0,600 
    NaiveBayes |   76,10 |   76,34 |   75,12 |   76,83 |   73,17 |   76,59 |   74,88 |   74,63 |   72,93 |    77,80 |   75,44 | 0,509 
    Regression |   82,20 |   82,44 |   84,39 |   84,39 |   77,56 |   80,00 |   82,68 |   81,95 |   80,24 |    80,49 |   81,63 | 0,633 
RotationForest |   79,51 |   78,05 |   82,20 |   81,46 |   84,63 |   84,15 |   81,71 |   82,93 |   82,44 |    81,46 |   81,85 | 0,637 
           SMO |   80,73 |   82,44 |   79,02 |   82,93 |   80,73 |   80,98 |   76,59 |   81,22 |   82,20 |    81,71 |   80,85 | 0,617 
           IBk |   74,39 |   75,61 |   77,56 |   77,07 |   74,63 |   77,07 |   74,39 |   76,34 |   72,93 |    75,85 |   75,59 | 0,512 
           IBk |   76,10 |   73,41 |   73,90 |   73,66 |   74,39 |   74,88 |   75,12 |   73,66 |   75,61 |    72,93 |   74,37 | 0,487 
           IBk |   75,61 |   76,59 |   79,02 |   76,59 |   79,27 |   80,49 |   77,07 |   77,80 |   75,12 |    77,56 |   77,51 | 0,550 
           IBk |   79,51 |   77,56 |   81,22 |   81,95 |   79,51 |   76,34 |   80,00 |   77,56 |   78,05 |    80,73 |   79,24 | 0,585 
           IBk |   85,12 |   81,95 |   80,49 |   81,95 |   80,98 |   82,20 |   84,88 |   83,17 |   83,41 |    81,71 |   82,59 | 0,652 
           IBk |   83,17 |   82,68 |   81,71 |   78,54 |   82,44 |   79,27 |   82,20 |   74,15 |   81,46 |    79,02 |   80,46 | 0,609 
           IBk |   79,27 |   80,73 |   80,49 |   81,95 |   79,27 |   78,05 |   84,39 |   84,15 |   82,44 |    81,22 |   81,20 | 0,624 
           IBk |   80,98 |   80,49 |   80,00 |   81,22 |   79,76 |   81,95 |   80,98 |   83,17 |   80,49 |    80,24 |   80,93 | 0,619 
           IBk |   80,49 |   81,95 |   81,22 |   80,49 |   79,02 |   82,68 |   81,71 |   82,44 |   81,95 |    79,51 |   81,15 | 0,623 


    Classifier | Test #1 | Test #2 | Test #3 | Test #4 | Test #5 | Test #6 | Test #7 | Test #8 | Test #9 | Test #10 | Correct | Kappa 
---------------+---------+---------+---------+---------+---------+---------+---------+---------+---------+----------+---------+-------
       Bagging |   80,49 |   80,73 |   81,46 |   81,22 |   81,71 |   81,22 |   81,22 |   82,44 |   81,95 |    81,22 |   81,37 | 0,627 
    Clustering |   67,32 |   65,12 |   70,98 |   68,05 |   70,24 |   66,34 |   69,02 |   68,78 |   69,27 |    71,95 |   68,71 | 0,374 
 DecisionTable |   80,98 |   78,54 |   80,00 |   77,32 |   84,88 |   81,71 |   75,37 |   81,22 |   80,49 |    81,46 |   80,20 | 0,604 
           END |   79,02 |   76,59 |   79,27 |   74,15 |   78,05 |   73,90 |   77,56 |   75,61 |   79,02 |    77,07 |   77,02 | 0,540 
           J48 |   77,07 |   76,10 |   77,56 |   79,02 |   74,88 |   77,32 |   74,39 |   76,10 |   76,10 |    79,27 |   76,78 | 0,536 
    LogitBoost |   82,20 |   80,73 |   80,00 |   80,49 |   83,66 |   80,73 |   79,27 |   85,12 |   83,17 |    85,12 |   82,05 | 0,641 
    NaiveBayes |   75,37 |   77,07 |   73,66 |   74,88 |   70,00 |   76,10 |   74,15 |   76,10 |   74,39 |    74,39 |   74,61 | 0,492 
    Regression |   80,00 |   82,93 |   78,29 |   75,85 |   79,51 |   79,27 |   82,93 |   79,76 |   79,27 |    79,76 |   79,76 | 0,595 
RotationForest |   81,22 |   83,90 |   80,73 |   81,46 |   81,46 |   83,41 |   79,51 |   79,76 |   80,49 |    86,10 |   81,80 | 0,636 
           SMO |   80,24 |   82,44 |   79,76 |   81,95 |   81,95 |   82,44 |   79,27 |   80,49 |   81,22 |    80,00 |   80,98 | 0,620 
           IBk |   73,66 |   75,12 |   78,05 |   70,24 |   73,17 |   75,61 |   73,90 |   74,63 |   74,88 |    73,66 |   74,29 | 0,486 
           IBk |   74,15 |   75,61 |   80,00 |   76,34 |   75,12 |   75,61 |   76,83 |   77,56 |   73,41 |    76,10 |   76,07 | 0,521 
           IBk |   77,80 |   77,07 |   78,05 |   77,32 |   76,83 |   78,05 |   78,05 |   79,76 |   76,59 |    74,88 |   77,44 | 0,549 
           IBk |   76,59 |   78,29 |   80,24 |   78,54 |   82,20 |   80,24 |   81,95 |   78,78 |   79,76 |    82,44 |   79,90 | 0,598 
           IBk |   79,27 |   79,76 |   78,54 |   82,93 |   81,22 |   78,05 |   84,88 |   81,46 |   79,27 |    81,95 |   80,73 | 0,615 
           IBk |   79,02 |   80,98 |   83,17 |   81,46 |   82,68 |   77,56 |   79,76 |   82,44 |   80,98 |    81,71 |   80,98 | 0,620 
           IBk |   81,95 |   82,20 |   79,02 |   80,24 |   80,98 |   83,90 |   80,98 |   81,46 |   81,71 |    82,93 |   81,54 | 0,631 
           IBk |   82,68 |   82,68 |   82,20 |   82,68 |   83,90 |   79,76 |   80,49 |   83,41 |   79,51 |    79,02 |   81,63 | 0,633 
           IBk |   80,00 |   81,22 |   81,22 |   79,02 |   82,44 |   82,68 |   82,68 |   81,22 |   81,46 |    82,68 |   81,46 | 0,629 


    Classifier | Correct #0 | Correct #1 | Correct #2 | Correct #3 
---------------+------------+------------+------------+------------
       Bagging |      78,17 |      76,15 |      82,00 |      81,37 
    Clustering |      71,27 |      67,49 |      67,85 |      68,71 
 DecisionTable |      78,83 |      74,44 |      79,29 |      80,20 
           END |      79,51 |      76,27 |      79,95 |      77,02 
           J48 |      79,56 |      75,37 |      79,78 |      76,78 
    LogitBoost |      78,59 |      74,41 |      79,98 |      82,05 
    NaiveBayes |      78,46 |      72,37 |      75,44 |      74,61 
    Regression |      79,78 |      76,51 |      81,63 |      79,76 
RotationForest |      78,54 |      76,85 |      81,85 |      81,80 
           SMO |      77,07 |      74,61 |      80,85 |      80,98 
           IBk |      72,29 |      69,07 |      75,59 |      74,29 
           IBk |      72,88 |      69,17 |      74,37 |      76,07 
           IBk |      77,63 |      71,85 |      77,51 |      77,44 
           IBk |      78,88 |      73,59 |      79,24 |      79,90 
           IBk |      80,20 |      73,37 |      82,59 |      80,73 
           IBk |      80,44 |      73,93 |      80,46 |      80,98 
           IBk |      80,02 |      73,93 |      81,20 |      81,54 
           IBk |      80,22 |      75,56 |      80,93 |      81,63 
           IBk |      79,95 |      75,59 |      81,15 |      81,46 
