    Classifier | Test #1 | Test #2 | Test #3 | Test #4 | Test #5 | Test #6 | Test #7 | Test #8 | Test #9 | Test #10 | Correct | Kappa 
---------------+---------+---------+---------+---------+---------+---------+---------+---------+---------+----------+---------+-------
       Bagging |   70,73 |   71,71 |   70,49 |   69,76 |   71,95 |   74,15 |   72,93 |   74,39 |   73,17 |    73,41 |   72,27 | 0,445 
    Clustering |   72,68 |   68,54 |   70,98 |   71,22 |   70,24 |   68,78 |   73,90 |   74,63 |   69,51 |    69,76 |   71,02 | 0,420 
 DecisionTable |   68,05 |   71,95 |   72,68 |   71,46 |   72,44 |   71,71 |   72,44 |   72,44 |   71,95 |    72,20 |   71,73 | 0,435 
           END |   73,41 |   74,39 |   68,54 |   72,93 |   71,46 |   68,29 |   71,95 |   70,24 |   74,39 |    71,46 |   71,71 | 0,434 
           J48 |   70,73 |   75,37 |   71,71 |   73,41 |   71,46 |   71,46 |   72,20 |   72,20 |   73,41 |    75,12 |   72,71 | 0,454 
    LogitBoost |   68,54 |   73,66 |   75,61 |   72,93 |   73,41 |   75,61 |   72,93 |   71,95 |   71,46 |    73,66 |   72,98 | 0,460 
    NaiveBayes |   74,15 |   74,15 |   75,12 |   72,20 |   71,71 |   70,24 |   71,22 |   74,88 |   72,20 |    74,15 |   73,00 | 0,460 
    Regression |   73,66 |   69,76 |   72,44 |   72,68 |   69,51 |   70,49 |   73,41 |   70,00 |   73,17 |    71,95 |   71,71 | 0,434 
RotationForest |   74,15 |   72,93 |   74,88 |   73,17 |   76,10 |   74,63 |   76,59 |   74,88 |   70,98 |    72,44 |   74,07 | 0,481 
           SMO |   71,71 |   71,71 |   71,95 |   69,27 |   67,80 |   70,98 |   68,78 |   70,98 |   68,29 |    69,27 |   70,07 | 0,401 
           IBk |   64,39 |   65,61 |   66,34 |   65,37 |   67,32 |   64,39 |   62,44 |   66,34 |   64,63 |    65,61 |   65,24 | 0,305 
           IBk |   67,32 |   69,51 |   66,59 |   66,34 |   67,80 |   62,44 |   67,80 |   66,83 |   62,20 |    65,61 |   66,24 | 0,325 
           IBk |   68,29 |   69,51 |   71,46 |   64,63 |   70,24 |   68,29 |   67,56 |   66,59 |   66,34 |    71,46 |   68,44 | 0,369 
           IBk |   74,39 |   70,49 |   73,66 |   71,71 |   70,98 |   70,24 |   70,73 |   73,17 |   70,24 |    72,68 |   71,83 | 0,437 
           IBk |   73,66 |   73,17 |   74,39 |   74,39 |   74,39 |   75,12 |   72,93 |   74,39 |   74,15 |    73,41 |   74,00 | 0,480 
           IBk |   68,29 |   71,95 |   75,85 |   77,07 |   75,12 |   72,44 |   74,88 |   71,46 |   72,20 |    70,00 |   72,93 | 0,459 
           IBk |   72,68 |   76,34 |   73,66 |   71,95 |   75,85 |   76,34 |   71,95 |   71,71 |   73,41 |    73,17 |   73,71 | 0,474 
           IBk |   71,46 |   73,66 |   70,00 |   71,46 |   73,17 |   73,41 |   74,63 |   70,24 |   73,17 |    75,37 |   72,66 | 0,453 
           IBk |   72,44 |   74,15 |   75,85 |   75,85 |   73,41 |   74,63 |   74,39 |   76,59 |   74,88 |    72,44 |   74,46 | 0,489 


    Classifier | Test #1 | Test #2 | Test #3 | Test #4 | Test #5 | Test #6 | Test #7 | Test #8 | Test #9 | Test #10 | Correct | Kappa 
---------------+---------+---------+---------+---------+---------+---------+---------+---------+---------+----------+---------+-------
       Bagging |   66,59 |   69,76 |   65,85 |   70,98 |   70,98 |   71,71 |   67,07 |   70,73 |   68,05 |    66,59 |   68,83 | 0,377 
    Clustering |   65,61 |   64,39 |   70,00 |   67,32 |   67,56 |   68,05 |   65,61 |   65,37 |   70,73 |    67,32 |   67,20 | 0,344 
 DecisionTable |   70,98 |   67,07 |   71,71 |   65,61 |   70,98 |   73,41 |   69,27 |   69,51 |   70,98 |    69,27 |   69,88 | 0,398 
           END |   70,49 |   71,95 |   67,80 |   70,73 |   70,49 |   69,76 |   70,73 |   69,02 |   71,22 |    66,83 |   69,90 | 0,398 
           J48 |   72,68 |   71,22 |   72,44 |   69,76 |   70,73 |   69,51 |   71,95 |   70,98 |   66,83 |    70,00 |   70,61 | 0,412 
    LogitBoost |   72,20 |   69,51 |   69,51 |   70,00 |   70,98 |   71,46 |   68,78 |   66,34 |   72,44 |    71,22 |   70,24 | 0,405 
    NaiveBayes |   63,90 |   66,59 |   68,29 |   64,88 |   68,29 |   67,80 |   66,83 |   69,27 |   65,85 |    65,61 |   66,73 | 0,335 
    Regression |   69,02 |   72,20 |   65,85 |   70,24 |   71,22 |   71,46 |   67,80 |   73,17 |   67,07 |    72,93 |   70,10 | 0,402 
RotationForest |   69,02 |   68,78 |   68,54 |   66,34 |   74,63 |   67,56 |   70,73 |   71,22 |   71,95 |    67,80 |   69,66 | 0,393 
           SMO |   72,44 |   72,20 |   69,27 |   70,24 |   70,49 |   74,39 |   66,83 |   74,15 |   68,05 |    73,90 |   71,20 | 0,424 
           IBk |   63,41 |   63,17 |   67,32 |   63,17 |   63,41 |   63,90 |   61,22 |   68,54 |   63,90 |    65,85 |   64,39 | 0,288 
           IBk |   59,76 |   63,17 |   62,93 |   62,93 |   60,98 |   61,71 |   65,61 |   62,93 |   60,98 |    60,98 |   62,20 | 0,244 
           IBk |   66,10 |   67,56 |   63,17 |   65,37 |   64,63 |   68,05 |   65,61 |   68,05 |   68,05 |    59,27 |   65,59 | 0,312 
           IBk |   69,02 |   70,00 |   67,56 |   71,22 |   67,80 |   70,24 |   71,46 |   69,76 |   68,29 |    68,29 |   69,37 | 0,387 
           IBk |   69,51 |   70,00 |   67,80 |   67,07 |   68,54 |   67,80 |   69,27 |   68,29 |   65,12 |    69,27 |   68,27 | 0,365 
           IBk |   67,32 |   68,54 |   69,76 |   72,93 |   68,29 |   71,95 |   71,22 |   68,54 |   69,27 |    71,95 |   69,98 | 0,400 
           IBk |   70,24 |   69,27 |   72,44 |   69,51 |   67,32 |   71,22 |   71,46 |   67,56 |   70,24 |    65,61 |   69,49 | 0,390 
           IBk |   73,17 |   68,05 |   71,46 |   69,51 |   65,85 |   67,56 |   69,76 |   68,78 |   71,22 |    68,78 |   69,41 | 0,388 
           IBk |   66,83 |   70,24 |   72,44 |   69,27 |   69,27 |   66,34 |   70,98 |   69,02 |   70,73 |    69,51 |   69,46 | 0,389 


    Classifier | Test #1 | Test #2 | Test #3 | Test #4 | Test #5 | Test #6 | Test #7 | Test #8 | Test #9 | Test #10 | Correct | Kappa 
---------------+---------+---------+---------+---------+---------+---------+---------+---------+---------+----------+---------+-------
       Bagging |   74,88 |   72,93 |   72,93 |   76,59 |   71,95 |   73,90 |   73,66 |   74,39 |   72,93 |    74,63 |   73,88 | 0,478 
    Clustering |   63,90 |   66,34 |   65,37 |   68,54 |   66,34 |   67,32 |   65,61 |   66,34 |   67,07 |    66,83 |   66,37 | 0,327 
 DecisionTable |   75,85 |   75,61 |   72,93 |   75,61 |   72,44 |   73,90 |   73,41 |   73,90 |   71,46 |    74,15 |   73,93 | 0,479 
           END |   76,83 |   68,54 |   72,20 |   74,88 |   73,41 |   70,98 |   71,46 |   76,59 |   71,46 |    71,71 |   72,80 | 0,456 
           J48 |   70,24 |   73,90 |   74,15 |   70,24 |   70,49 |   70,00 |   73,17 |   72,68 |   72,44 |    71,71 |   71,90 | 0,438 
    LogitBoost |   75,12 |   72,68 |   71,46 |   72,20 |   71,22 |   74,63 |   73,66 |   72,93 |   75,12 |    72,20 |   73,12 | 0,462 
    NaiveBayes |   67,80 |   69,76 |   69,02 |   68,05 |   71,22 |   68,78 |   66,10 |   73,17 |   70,24 |    70,00 |   69,41 | 0,388 
    Regression |   79,76 |   72,68 |   76,59 |   76,83 |   77,32 |   73,41 |   71,46 |   70,49 |   73,17 |    74,15 |   74,59 | 0,492 
RotationForest |   71,46 |   75,85 |   73,41 |   74,39 |   74,63 |   75,61 |   74,63 |   75,85 |   72,93 |    68,78 |   73,76 | 0,475 
           SMO |   75,61 |   76,59 |   73,41 |   77,07 |   71,95 |   77,32 |   74,63 |   75,37 |   76,83 |    77,80 |   75,66 | 0,513 
           IBk |   71,22 |   66,83 |   66,83 |   70,00 |   67,32 |   68,29 |   67,80 |   69,27 |   69,27 |    66,83 |   68,37 | 0,367 
           IBk |   72,20 |   70,00 |   70,24 |   67,07 |   70,24 |   68,54 |   70,49 |   70,73 |   68,78 |    70,73 |   69,90 | 0,398 
           IBk |   71,95 |   71,46 |   73,41 |   70,98 |   70,24 |   73,41 |   74,88 |   74,15 |   70,98 |    73,41 |   72,49 | 0,450 
           IBk |   72,44 |   73,90 |   75,85 |   72,68 |   75,85 |   76,10 |   77,32 |   74,88 |   71,22 |    74,39 |   74,46 | 0,489 
           IBk |   77,07 |   75,37 |   75,61 |   73,41 |   74,39 |   71,71 |   74,63 |   78,05 |   72,93 |    70,49 |   74,37 | 0,487 
           IBk |   74,63 |   80,00 |   70,73 |   78,05 |   73,66 |   73,90 |   75,37 |   77,56 |   74,63 |    76,10 |   75,46 | 0,509 
           IBk |   73,90 |   78,78 |   76,59 |   76,10 |   73,41 |   76,59 |   72,44 |   77,80 |   79,27 |    75,85 |   76,07 | 0,521 
           IBk |   76,83 |   74,63 |   75,85 |   74,39 |   78,78 |   72,93 |   75,37 |   76,10 |   75,12 |    75,37 |   75,54 | 0,511 
           IBk |   76,59 |   71,95 |   75,61 |   77,07 |   73,66 |   74,15 |   76,10 |   76,83 |   75,61 |    77,32 |   75,49 | 0,510 


    Classifier | Test #1 | Test #2 | Test #3 | Test #4 | Test #5 | Test #6 | Test #7 | Test #8 | Test #9 | Test #10 | Correct | Kappa 
---------------+---------+---------+---------+---------+---------+---------+---------+---------+---------+----------+---------+-------
       Bagging |   75,37 |   74,39 |   73,17 |   70,98 |   74,39 |   73,66 |   73,90 |   73,90 |   71,46 |    73,17 |   73,44 | 0,469 
    Clustering |   63,66 |   63,41 |   66,10 |   65,12 |   60,73 |   59,76 |   63,90 |   64,63 |   62,20 |    66,83 |   63,63 | 0,273 
 DecisionTable |   72,44 |   72,20 |   76,10 |   72,93 |   72,20 |   69,27 |   68,54 |   76,34 |   70,49 |    74,39 |   72,49 | 0,450 
           END |   70,00 |   72,44 |   66,34 |   70,49 |   71,71 |   73,17 |   68,78 |   72,44 |   69,76 |    72,20 |   70,73 | 0,415 
           J48 |   71,46 |   67,80 |   69,76 |   67,80 |   65,61 |   67,80 |   71,22 |   68,29 |   71,22 |    67,32 |   68,83 | 0,377 
    LogitBoost |   71,22 |   78,54 |   77,56 |   74,88 |   76,34 |   71,95 |   75,61 |   75,85 |   70,00 |    72,20 |   74,41 | 0,488 
    NaiveBayes |   67,80 |   67,80 |   66,10 |   70,49 |   75,37 |   69,51 |   70,49 |   69,76 |   66,34 |    71,22 |   69,49 | 0,390 
    Regression |   78,05 |   76,34 |   74,88 |   74,63 |   74,15 |   71,71 |   71,46 |   71,22 |   72,68 |    71,46 |   73,66 | 0,473 
RotationForest |   76,34 |   73,90 |   75,61 |   74,63 |   74,88 |   71,46 |   75,61 |   79,51 |   76,10 |    74,15 |   75,22 | 0,504 
           SMO |   75,61 |   75,12 |   75,85 |   72,93 |   76,59 |   78,05 |   76,34 |   75,61 |   72,44 |    76,34 |   75,49 | 0,510 
           IBk |   66,83 |   70,98 |   66,10 |   66,34 |   66,83 |   66,83 |   67,80 |   65,61 |   66,59 |    73,41 |   67,73 | 0,355 
           IBk |   68,54 |   67,07 |   66,34 |   68,29 |   65,85 |   65,12 |   66,83 |   65,37 |   66,34 |    65,37 |   66,51 | 0,330 
           IBk |   70,73 |   71,95 |   71,95 |   67,56 |   69,51 |   72,68 |   70,49 |   69,51 |   70,73 |    70,00 |   70,51 | 0,410 
           IBk |   70,24 |   73,41 |   71,22 |   71,71 |   72,68 |   73,90 |   69,51 |   73,41 |   76,83 |    75,85 |   72,88 | 0,458 
           IBk |   73,66 |   72,68 |   73,66 |   76,83 |   77,07 |   74,15 |   76,34 |   71,22 |   74,88 |    75,37 |   74,59 | 0,492 
           IBk |   74,63 |   73,90 |   73,90 |   75,37 |   72,93 |   76,59 |   76,34 |   77,80 |   74,39 |    75,61 |   75,15 | 0,503 
           IBk |   78,29 |   73,66 |   74,39 |   72,93 |   77,80 |   74,15 |   75,61 |   73,17 |   74,39 |    74,39 |   74,88 | 0,498 
           IBk |   73,66 |   79,51 |   77,07 |   76,10 |   76,34 |   74,88 |   74,15 |   74,15 |   73,90 |    73,17 |   75,29 | 0,506 
           IBk |   75,37 |   70,00 |   69,76 |   80,24 |   73,90 |   77,07 |   77,56 |   73,90 |   74,63 |    77,56 |   75,00 | 0,500 


    Classifier | Correct #0 | Correct #1 | Correct #2 | Correct #3 
---------------+------------+------------+------------+------------
       Bagging |      72,27 |      68,83 |      73,88 |      73,44 
    Clustering |      71,02 |      67,20 |      66,37 |      63,63 
 DecisionTable |      71,73 |      69,88 |      73,93 |      72,49 
           END |      71,71 |      69,90 |      72,80 |      70,73 
           J48 |      72,71 |      70,61 |      71,90 |      68,83 
    LogitBoost |      72,98 |      70,24 |      73,12 |      74,41 
    NaiveBayes |      73,00 |      66,73 |      69,41 |      69,49 
    Regression |      71,71 |      70,10 |      74,59 |      73,66 
RotationForest |      74,07 |      69,66 |      73,76 |      75,22 
           SMO |      70,07 |      71,20 |      75,66 |      75,49 
           IBk |      65,24 |      64,39 |      68,37 |      67,73 
           IBk |      66,24 |      62,20 |      69,90 |      66,51 
           IBk |      68,44 |      65,59 |      72,49 |      70,51 
           IBk |      71,83 |      69,37 |      74,46 |      72,88 
           IBk |      74,00 |      68,27 |      74,37 |      74,59 
           IBk |      72,93 |      69,98 |      75,46 |      75,15 
           IBk |      73,71 |      69,49 |      76,07 |      74,88 
           IBk |      72,66 |      69,41 |      75,54 |      75,29 
           IBk |      74,46 |      69,46 |      75,49 |      75,00 
