    Classifier | Test #1 | Test #2 | Test #3 | Test #4 | Test #5 | Test #6 | Test #7 | Test #8 | Test #9 | Test #10 | Correct | Kappa 
---------------+---------+---------+---------+---------+---------+---------+---------+---------+---------+----------+---------+-------
       Bagging |   83,17 |   79,51 |   79,02 |   78,78 |   76,34 |   77,07 |   79,27 |   79,76 |   78,78 |    77,32 |   78,90 | 0,578 
    Clustering |   73,17 |   72,44 |   70,24 |   69,76 |   70,24 |   68,78 |   70,98 |   70,49 |   69,76 |    69,02 |   70,49 | 0,410 
 DecisionTable |   79,51 |   77,56 |   76,34 |   80,98 |   77,07 |   81,22 |   80,73 |   80,49 |   79,76 |    81,22 |   79,49 | 0,590 
           END |   77,56 |   75,12 |   80,73 |   83,41 |   78,54 |   77,56 |   77,80 |   77,32 |   79,02 |    79,51 |   78,66 | 0,573 
           J48 |   78,05 |   80,00 |   78,29 |   80,24 |   79,27 |   78,78 |   75,61 |   77,32 |   79,27 |    75,12 |   78,20 | 0,564 
    LogitBoost |   74,88 |   80,49 |   77,56 |   78,05 |   75,61 |   76,34 |   77,07 |   79,51 |   80,98 |    77,32 |   77,78 | 0,556 
    NaiveBayes |   74,88 |   77,80 |   78,54 |   77,80 |   78,29 |   78,54 |   79,02 |   82,20 |   80,73 |    77,56 |   78,54 | 0,571 
    Regression |   76,10 |   77,80 |   73,90 |   79,51 |   80,24 |   78,54 |   77,32 |   77,32 |   77,07 |    75,85 |   77,37 | 0,547 
RotationForest |   77,80 |   77,32 |   76,59 |   80,49 |   76,83 |   77,56 |   78,78 |   79,51 |   79,76 |    76,34 |   78,10 | 0,562 
           SMO |   79,02 |   76,34 |   72,93 |   80,24 |   78,05 |   78,54 |   77,56 |   74,63 |   76,59 |    74,15 |   76,80 | 0,536 
           IBk |   69,76 |   71,46 |   70,00 |   69,02 |   70,73 |   71,71 |   76,10 |   73,66 |   73,41 |    73,41 |   71,93 | 0,439 
           IBk |   74,15 |   74,15 |   71,71 |   74,15 |   74,39 |   72,93 |   77,80 |   72,68 |   75,61 |    76,10 |   74,37 | 0,487 
           IBk |   75,85 |   74,88 |   74,88 |   75,85 |   76,83 |   76,83 |   74,15 |   78,29 |   75,61 |    74,63 |   75,78 | 0,516 
           IBk |   76,10 |   73,17 |   74,15 |   79,27 |   77,07 |   80,00 |   76,59 |   80,73 |   77,32 |    74,88 |   76,93 | 0,539 
           IBk |   79,27 |   81,46 |   74,63 |   78,05 |   77,56 |   75,85 |   76,83 |   78,05 |   80,24 |    76,34 |   77,83 | 0,557 
           IBk |   76,59 |   76,10 |   77,32 |   80,98 |   78,29 |   80,73 |   77,32 |   80,49 |   79,76 |    79,27 |   78,68 | 0,574 
           IBk |   78,05 |   80,00 |   77,32 |   81,46 |   78,78 |   75,12 |   74,15 |   76,10 |   77,32 |    81,22 |   77,95 | 0,559 
           IBk |   79,51 |   77,80 |   80,00 |   81,95 |   80,24 |   77,56 |   78,05 |   77,32 |   81,22 |    80,49 |   79,41 | 0,588 
           IBk |   82,68 |   80,24 |   78,78 |   76,59 |   74,15 |   77,32 |   78,54 |   80,73 |   76,59 |    78,78 |   78,44 | 0,569 


    Classifier | Test #1 | Test #2 | Test #3 | Test #4 | Test #5 | Test #6 | Test #7 | Test #8 | Test #9 | Test #10 | Correct | Kappa 
---------------+---------+---------+---------+---------+---------+---------+---------+---------+---------+----------+---------+-------
       Bagging |   74,15 |   72,68 |   72,68 |   75,37 |   70,98 |   72,68 |   73,90 |   73,90 |   74,63 |    72,44 |   73,34 | 0,467 
    Clustering |   65,61 |   70,24 |   68,78 |   67,32 |   64,88 |   70,00 |   70,00 |   66,10 |   70,49 |    65,85 |   67,93 | 0,359 
 DecisionTable |   72,68 |   74,88 |   75,37 |   77,07 |   73,41 |   74,63 |   74,39 |   75,37 |   77,56 |    76,10 |   75,15 | 0,503 
           END |   73,66 |   75,61 |   76,34 |   76,59 |   74,39 |   71,71 |   72,93 |   74,15 |   77,07 |    72,68 |   74,51 | 0,490 
           J48 |   73,66 |   76,10 |   76,59 |   76,83 |   74,88 |   72,44 |   75,61 |   70,98 |   73,41 |    71,22 |   74,17 | 0,483 
    LogitBoost |   71,71 |   78,78 |   72,68 |   74,39 |   76,10 |   75,61 |   75,85 |   77,80 |   74,39 |    72,93 |   75,02 | 0,500 
    NaiveBayes |   71,71 |   69,76 |   72,68 |   72,68 |   72,20 |   72,20 |   70,98 |   73,17 |   72,20 |    71,71 |   71,93 | 0,439 
    Regression |   78,54 |   73,17 |   77,07 |   73,90 |   75,12 |   79,02 |   75,37 |   77,07 |   74,39 |    76,83 |   76,05 | 0,521 
RotationForest |   73,17 |   76,10 |   76,34 |   75,61 |   76,59 |   76,34 |   77,07 |   78,54 |   76,34 |    73,41 |   75,95 | 0,519 
           SMO |   77,80 |   77,32 |   76,59 |   77,07 |   79,02 |   75,12 |   76,83 |   75,12 |   74,39 |    78,29 |   76,76 | 0,535 
           IBk |   66,59 |   68,05 |   69,27 |   69,27 |   71,95 |   70,98 |   64,63 |   67,32 |   69,76 |    70,49 |   68,83 | 0,377 
           IBk |   69,51 |   70,00 |   69,02 |   68,54 |   71,46 |   69,27 |   70,49 |   72,44 |   71,71 |    73,66 |   70,61 | 0,412 
           IBk |   75,12 |   72,68 |   71,71 |   70,73 |   73,90 |   70,73 |   74,88 |   70,00 |   70,98 |    73,90 |   72,46 | 0,449 
           IBk |   69,76 |   71,46 |   73,41 |   74,39 |   74,15 |   75,85 |   71,22 |   73,66 |   72,44 |    71,46 |   72,78 | 0,456 
           IBk |   75,61 |   77,07 |   77,56 |   75,61 |   78,29 |   74,15 |   72,93 |   75,37 |   73,66 |    76,10 |   75,63 | 0,513 
           IBk |   74,15 |   72,20 |   70,73 |   73,17 |   76,34 |   74,15 |   74,63 |   76,83 |   78,05 |    72,20 |   74,24 | 0,485 
           IBk |   73,41 |   75,37 |   73,90 |   72,44 |   72,20 |   75,12 |   73,90 |   77,32 |   73,41 |    71,22 |   73,83 | 0,477 
           IBk |   76,10 |   75,12 |   72,93 |   74,88 |   80,00 |   75,61 |   73,17 |   77,07 |   77,07 |    72,93 |   75,49 | 0,510 
           IBk |   76,10 |   75,85 |   77,07 |   74,63 |   75,37 |   81,22 |   74,63 |   73,17 |   77,07 |    74,88 |   76,00 | 0,520 


    Classifier | Test #1 | Test #2 | Test #3 | Test #4 | Test #5 | Test #6 | Test #7 | Test #8 | Test #9 | Test #10 | Correct | Kappa 
---------------+---------+---------+---------+---------+---------+---------+---------+---------+---------+----------+---------+-------
       Bagging |   82,68 |   79,02 |   77,32 |   77,32 |   77,80 |   78,78 |   78,78 |   78,05 |   81,46 |    77,80 |   78,90 | 0,578 
    Clustering |   68,54 |   70,73 |   72,44 |   63,90 |   69,51 |   68,78 |   67,56 |   72,20 |   72,44 |    69,02 |   69,51 | 0,390 
 DecisionTable |   77,80 |   77,56 |   73,90 |   76,10 |   76,10 |   78,29 |   79,27 |   75,37 |   76,83 |    75,37 |   76,66 | 0,533 
           END |   77,56 |   79,76 |   79,02 |   77,32 |   76,83 |   77,80 |   79,02 |   79,76 |   78,78 |    77,07 |   78,29 | 0,566 
           J48 |   81,22 |   81,46 |   80,00 |   75,61 |   77,32 |   76,83 |   78,05 |   79,02 |   80,49 |    81,71 |   79,17 | 0,583 
    LogitBoost |   80,00 |   80,49 |   80,73 |   76,59 |   78,05 |   79,76 |   80,98 |   81,22 |   79,02 |    74,39 |   79,12 | 0,582 
    NaiveBayes |   76,10 |   74,15 |   74,39 |   74,15 |   73,17 |   73,41 |   76,59 |   71,71 |   75,85 |    77,32 |   74,68 | 0,494 
    Regression |   81,95 |   81,95 |   80,00 |   79,27 |   79,02 |   81,71 |   81,22 |   81,71 |   78,05 |    82,44 |   80,73 | 0,615 
RotationForest |   79,76 |   80,00 |   78,29 |   81,22 |   80,24 |   79,02 |   81,95 |   75,37 |   80,00 |    78,54 |   79,44 | 0,589 
           SMO |   79,27 |   77,56 |   80,98 |   81,46 |   78,54 |   80,24 |   82,44 |   80,49 |   82,44 |    77,32 |   80,07 | 0,601 
           IBk |   73,90 |   77,07 |   73,90 |   75,12 |   73,90 |   71,71 |   76,34 |   75,85 |   74,15 |    72,93 |   74,49 | 0,490 
           IBk |   73,41 |   75,61 |   74,88 |   74,15 |   74,39 |   76,10 |   71,46 |   77,07 |   72,68 |    76,34 |   74,61 | 0,492 
           IBk |   77,56 |   81,71 |   75,61 |   78,78 |   73,90 |   77,32 |   81,71 |   76,10 |   78,78 |    77,07 |   77,85 | 0,557 
           IBk |   79,02 |   80,49 |   77,56 |   77,80 |   79,76 |   80,00 |   78,05 |   78,54 |   77,80 |    83,17 |   79,22 | 0,584 
           IBk |   80,24 |   75,12 |   81,95 |   78,05 |   77,07 |   80,00 |   78,54 |   80,00 |   80,00 |    79,51 |   79,05 | 0,581 
           IBk |   78,29 |   81,22 |   79,76 |   79,02 |   80,73 |   80,98 |   78,78 |   80,73 |   80,00 |    81,46 |   80,10 | 0,602 
           IBk |   78,78 |   77,32 |   77,07 |   82,68 |   78,05 |   78,05 |   81,95 |   81,46 |   82,44 |    77,80 |   79,56 | 0,591 
           IBk |   79,76 |   82,44 |   74,63 |   80,24 |   78,54 |   80,98 |   78,29 |   79,76 |   81,46 |    78,54 |   79,46 | 0,589 
           IBk |   80,98 |   83,41 |   80,98 |   80,00 |   79,51 |   81,22 |   78,78 |   81,95 |   83,17 |    81,95 |   81,20 | 0,624 


    Classifier | Test #1 | Test #2 | Test #3 | Test #4 | Test #5 | Test #6 | Test #7 | Test #8 | Test #9 | Test #10 | Correct | Kappa 
---------------+---------+---------+---------+---------+---------+---------+---------+---------+---------+----------+---------+-------
       Bagging |   81,22 |   81,22 |   80,24 |   79,27 |   80,73 |   77,56 |   83,17 |   81,46 |   79,76 |    80,00 |   80,46 | 0,609 
    Clustering |   70,73 |   70,00 |   67,80 |   68,78 |   67,80 |   65,37 |   66,34 |   71,22 |   63,41 |    69,51 |   68,10 | 0,362 
 DecisionTable |   78,05 |   80,73 |   77,80 |   78,54 |   77,80 |   78,78 |   76,59 |   81,71 |   82,20 |    79,02 |   79,12 | 0,582 
           END |   80,24 |   76,34 |   79,27 |   74,15 |   78,29 |   74,15 |   73,41 |   72,68 |   76,34 |    71,95 |   75,68 | 0,514 
           J48 |   73,41 |   79,27 |   77,80 |   76,34 |   72,68 |   78,29 |   76,10 |   75,61 |   72,93 |    74,39 |   75,68 | 0,514 
    LogitBoost |   77,80 |   77,32 |   78,05 |   78,05 |   81,71 |   79,76 |   82,68 |   77,80 |   78,29 |    75,85 |   78,73 | 0,575 
    NaiveBayes |   76,59 |   77,32 |   78,29 |   74,88 |   76,34 |   74,88 |   73,90 |   74,39 |   78,78 |    73,17 |   75,85 | 0,517 
    Regression |   79,27 |   78,54 |   75,85 |   80,98 |   78,78 |   79,51 |   80,00 |   77,32 |   78,05 |    77,32 |   78,56 | 0,571 
RotationForest |   79,51 |   80,98 |   77,56 |   80,98 |   76,83 |   81,22 |   80,98 |   78,78 |   80,98 |    79,76 |   79,76 | 0,595 
           SMO |   80,49 |   75,85 |   79,51 |   77,80 |   81,71 |   79,76 |   80,24 |   83,41 |   80,00 |    79,51 |   79,83 | 0,597 
           IBk |   78,29 |   72,68 |   75,61 |   71,71 |   70,98 |   75,61 |   73,66 |   74,63 |   73,41 |    74,15 |   74,07 | 0,481 
           IBk |   76,83 |   74,63 |   74,39 |   72,44 |   72,20 |   76,10 |   73,90 |   71,46 |   76,59 |    75,85 |   74,44 | 0,489 
           IBk |   79,02 |   77,32 |   77,80 |   76,34 |   78,54 |   73,41 |   77,32 |   76,59 |   79,51 |    77,80 |   77,37 | 0,547 
           IBk |   80,49 |   77,32 |   79,51 |   77,56 |   80,49 |   81,71 |   76,83 |   77,80 |   76,59 |    79,51 |   78,78 | 0,576 
           IBk |   81,22 |   78,54 |   81,95 |   79,27 |   80,73 |   81,46 |   80,24 |   78,05 |   77,07 |    79,02 |   79,76 | 0,595 
           IBk |   80,49 |   80,00 |   80,98 |   80,98 |   80,24 |   81,95 |   80,49 |   81,22 |   78,78 |    80,49 |   80,56 | 0,611 
           IBk |   78,78 |   79,02 |   79,51 |   81,46 |   81,71 |   80,49 |   82,20 |   78,05 |   81,46 |    81,95 |   80,46 | 0,609 
           IBk |   80,24 |   79,02 |   79,76 |   77,80 |   79,02 |   80,00 |   81,22 |   79,76 |   79,51 |    80,98 |   79,73 | 0,595 
           IBk |   77,80 |   77,80 |   81,46 |   80,98 |   79,51 |   78,78 |   83,90 |   79,02 |   77,56 |    77,80 |   79,46 | 0,589 


    Classifier | Correct #0 | Correct #1 | Correct #2 | Correct #3 
---------------+------------+------------+------------+------------
       Bagging |      78,90 |      73,34 |      78,90 |      80,46 
    Clustering |      70,49 |      67,93 |      69,51 |      68,10 
 DecisionTable |      79,49 |      75,15 |      76,66 |      79,12 
           END |      78,66 |      74,51 |      78,29 |      75,68 
           J48 |      78,20 |      74,17 |      79,17 |      75,68 
    LogitBoost |      77,78 |      75,02 |      79,12 |      78,73 
    NaiveBayes |      78,54 |      71,93 |      74,68 |      75,85 
    Regression |      77,37 |      76,05 |      80,73 |      78,56 
RotationForest |      78,10 |      75,95 |      79,44 |      79,76 
           SMO |      76,80 |      76,76 |      80,07 |      79,83 
           IBk |      71,93 |      68,83 |      74,49 |      74,07 
           IBk |      74,37 |      70,61 |      74,61 |      74,44 
           IBk |      75,78 |      72,46 |      77,85 |      77,37 
           IBk |      76,93 |      72,78 |      79,22 |      78,78 
           IBk |      77,83 |      75,63 |      79,05 |      79,76 
           IBk |      78,68 |      74,24 |      80,10 |      80,56 
           IBk |      77,95 |      73,83 |      79,56 |      80,46 
           IBk |      79,41 |      75,49 |      79,46 |      79,73 
           IBk |      78,44 |      76,00 |      81,20 |      79,46 
