    Classifier | Test #1 | Test #2 | Test #3 | Test #4 | Test #5 | Test #6 | Test #7 | Test #8 | Test #9 | Test #10 | Correct | Kappa 
---------------+---------+---------+---------+---------+---------+---------+---------+---------+---------+----------+---------+-------
       Bagging |   56,80 |   56,31 |   63,59 |   61,17 |   59,22 |   63,11 |   60,68 |   57,77 |   60,68 |    61,17 |   60,05 | 0,201 
    Clustering |   63,59 |   64,08 |   56,80 |   66,50 |   63,11 |   65,05 |   64,08 |   63,59 |   57,28 |    62,62 |   62,67 | 0,253 
 DecisionTable |   62,62 |   65,05 |   63,11 |   59,71 |   56,31 |   61,17 |   62,62 |   62,14 |   61,65 |    64,56 |   61,89 | 0,238 
           END |   60,68 |   54,37 |   60,68 |   56,31 |   59,22 |   59,22 |   53,40 |   62,62 |   58,74 |    60,19 |   58,54 | 0,171 
           J48 |   60,68 |   65,53 |   62,14 |   55,83 |   54,37 |   56,31 |   54,85 |   59,22 |   57,77 |    59,71 |   58,64 | 0,173 
    LogitBoost |   68,45 |   67,48 |   60,68 |   57,28 |   58,25 |   55,83 |   59,71 |   62,62 |   65,05 |    57,77 |   61,31 | 0,226 
    NaiveBayes |   64,56 |   64,08 |   63,11 |   60,68 |   61,17 |   62,62 |   66,99 |   60,68 |   59,71 |    59,71 |   62,33 | 0,247 
    Regression |   59,71 |   67,96 |   60,19 |   59,71 |   60,19 |   59,22 |   59,22 |   66,02 |   63,11 |    59,22 |   61,46 | 0,229 
RotationForest |   61,65 |   65,53 |   64,56 |   70,39 |   62,14 |   64,56 |   66,99 |   63,59 |   68,93 |    67,48 |   65,58 | 0,312 
           SMO |   64,08 |   68,93 |   61,65 |   61,65 |   65,53 |   61,65 |   65,05 |   58,74 |   69,90 |    64,56 |   64,17 | 0,283 


    Classifier | Test #1 | Test #2 | Test #3 | Test #4 | Test #5 | Test #6 | Test #7 | Test #8 | Test #9 | Test #10 | Correct | Kappa 
---------------+---------+---------+---------+---------+---------+---------+---------+---------+---------+----------+---------+-------
       Bagging |   50,00 |   50,00 |   50,00 |   50,00 |   50,00 |   50,00 |   50,00 |   50,00 |   50,00 |    50,00 |   50,00 | 0,000 
    Clustering |   50,00 |   50,00 |   50,00 |   50,00 |   50,00 |   50,00 |   50,00 |   50,00 |   50,00 |    50,00 |   50,00 | 0,000 
 DecisionTable |   50,00 |   50,00 |   50,00 |   50,00 |   50,00 |   50,00 |   50,00 |   50,00 |   50,00 |    50,00 |   50,00 | 0,000 
           END |   50,00 |   50,00 |   50,00 |   50,00 |   50,00 |   50,00 |   50,00 |   50,00 |   50,00 |    50,00 |   50,00 | 0,000 
           J48 |   50,00 |   50,00 |   50,00 |   50,00 |   50,00 |   50,00 |   50,00 |   50,00 |   50,00 |    50,00 |   50,00 | 0,000 
    LogitBoost |   50,00 |   50,00 |   50,00 |   50,00 |   50,00 |   50,00 |   50,00 |   50,00 |   50,00 |    50,00 |   50,00 | 0,000 
    NaiveBayes |   50,00 |   50,00 |   50,00 |   50,00 |   50,00 |   50,00 |   50,00 |   50,00 |   50,00 |    50,00 |   50,00 | 0,000 
    Regression |   50,00 |   50,00 |   50,00 |   50,00 |   50,00 |   50,00 |   50,00 |   50,00 |   50,00 |    50,00 |   50,00 | 0,000 
RotationForest |   50,00 |   50,00 |   50,00 |   50,00 |   50,00 |   50,00 |   50,00 |   50,00 |   50,00 |    50,00 |   50,00 | 0,000 
           SMO |   50,00 |   50,00 |   50,00 |   50,00 |   50,00 |   50,00 |   50,00 |   50,00 |   50,00 |    50,00 |   50,00 | 0,000 


    Classifier | Test #1 | Test #2 | Test #3 | Test #4 | Test #5 | Test #6 | Test #7 | Test #8 | Test #9 | Test #10 | Correct | Kappa 
---------------+---------+---------+---------+---------+---------+---------+---------+---------+---------+----------+---------+-------
       Bagging |   65,05 |   65,53 |   63,59 |   67,96 |   64,56 |   62,14 |   64,08 |   61,65 |   67,96 |    67,96 |   65,05 | 0,301 
    Clustering |   66,50 |   69,42 |   67,96 |   63,11 |   65,05 |   68,93 |   69,90 |   66,50 |   66,02 |    68,45 |   67,18 | 0,344 
 DecisionTable |   71,36 |   59,71 |   69,90 |   66,50 |   69,42 |   62,14 |   69,42 |   66,99 |   71,36 |    64,08 |   67,09 | 0,342 
           END |   63,59 |   61,17 |   61,65 |   50,97 |   60,19 |   56,80 |   58,25 |   57,28 |   59,71 |    53,40 |   58,30 | 0,166 
           J48 |   59,22 |   54,37 |   58,74 |   64,56 |   62,62 |   58,25 |   62,14 |   58,74 |   56,31 |    56,80 |   59,17 | 0,183 
    LogitBoost |   63,59 |   66,02 |   65,53 |   62,14 |   65,53 |   66,02 |   68,45 |   57,28 |   67,48 |    63,11 |   64,51 | 0,290 
    NaiveBayes |   68,45 |   61,65 |   64,56 |   64,56 |   65,53 |   65,05 |   66,99 |   66,50 |   64,56 |    66,02 |   65,39 | 0,308 
    Regression |   67,96 |   70,87 |   62,14 |   59,71 |   63,11 |   65,53 |   63,11 |   65,53 |   60,68 |    66,50 |   64,51 | 0,290 
RotationForest |   72,82 |   63,11 |   61,65 |   68,93 |   71,36 |   66,99 |   65,53 |   64,56 |   67,96 |    64,56 |   66,75 | 0,335 
           SMO |   70,39 |   69,42 |   67,96 |   64,56 |   68,93 |   65,53 |   66,02 |   68,45 |   69,90 |    65,53 |   67,67 | 0,353 


    Classifier | Correct #0 | Correct #1 | Correct #2 
---------------+------------+------------+------------
       Bagging |      60,05 |      50,00 |      65,05 
    Clustering |      62,67 |      50,00 |      67,18 
 DecisionTable |      61,89 |      50,00 |      67,09 
           END |      58,54 |      50,00 |      58,30 
           J48 |      58,64 |      50,00 |      59,17 
    LogitBoost |      61,31 |      50,00 |      64,51 
    NaiveBayes |      62,33 |      50,00 |      65,39 
    Regression |      61,46 |      50,00 |      64,51 
RotationForest |      65,58 |      50,00 |      66,75 
           SMO |      64,17 |      50,00 |      67,67 
