Bagging [[1361.0, 671.0, 847.0, 1221.0], [536.0, 2503.0, 599.0, 462.0], [983.0, 851.0, 1241.0, 1025.0], [1319.0, 654.0, 948.0, 1179.0]]
Clustering [[880.0, 1210.0, 1455.0, 555.0], [442.0, 2580.0, 773.0, 305.0], [903.0, 1150.0, 1463.0, 584.0], [883.0, 1105.0, 1506.0, 606.0]]
DecisionTable [[1767.0, 762.0, 515.0, 1056.0], [497.0, 2812.0, 420.0, 371.0], [1155.0, 1015.0, 980.0, 950.0], [1697.0, 787.0, 565.0, 1051.0]]
END [[950.0, 997.0, 521.0, 1632.0], [328.0, 3096.0, 291.0, 385.0], [674.0, 1315.0, 1003.0, 1108.0], [929.0, 980.0, 598.0, 1593.0]]
J48 [[1528.0, 741.0, 557.0, 1274.0], [588.0, 2680.0, 449.0, 383.0], [1027.0, 999.0, 1018.0, 1056.0], [1437.0, 717.0, 611.0, 1335.0]]
LogitBoost [[1217.0, 989.0, 591.0, 1303.0], [325.0, 2977.0, 481.0, 317.0], [818.0, 1193.0, 1108.0, 981.0], [1141.0, 928.0, 759.0, 1272.0]]
NaiveBayes [[1150.0, 961.0, 533.0, 1456.0], [496.0, 2729.0, 643.0, 232.0], [721.0, 1083.0, 1213.0, 1083.0], [1071.0, 918.0, 696.0, 1415.0]]
Regression [[2076.0, 766.0, 562.0, 696.0], [618.0, 2914.0, 383.0, 185.0], [1346.0, 1085.0, 997.0, 672.0], [1964.0, 787.0, 633.0, 716.0]]
RotationForest [[1724.0, 771.0, 599.0, 1006.0], [461.0, 2700.0, 533.0, 406.0], [1207.0, 962.0, 1144.0, 787.0], [1670.0, 756.0, 658.0, 1016.0]]
SMO [[907.0, 1122.0, 1738.0, 333.0], [656.0, 2615.0, 626.0, 203.0], [749.0, 1015.0, 2024.0, 312.0], [884.0, 959.0, 1922.0, 335.0]]
    Classifier | Test #1 | Test #2 | Test #3 | Test #4 | Test #5 | Test #6 | Test #7 | Test #8 | Test #9 | Test #10 | Correct | Kappa 
---------------+---------+---------+---------+---------+---------+---------+---------+---------+---------+----------+---------+-------
       Bagging |   40,37 |   37,74 |   38,17 |   38,29 |   37,20 |   38,17 |   37,44 |   37,01 |   38,96 |    39,82 |   38,32 | 0,178 
    Clustering |   33,35 |   32,87 |   33,72 |   33,66 |   34,63 |   33,78 |   34,57 |   33,48 |   32,50 |    34,57 |   33,71 | 0,116 
 DecisionTable |   40,79 |   39,76 |   41,04 |   39,02 |   39,88 |   40,49 |   40,49 |   40,98 |   40,37 |    40,24 |   40,30 | 0,204 
           END |   38,96 |   41,16 |   40,91 |   41,40 |   39,70 |   40,61 |   41,65 |   40,30 |   38,84 |    41,46 |   40,50 | 0,207 
           J48 |   40,18 |   38,90 |   40,37 |   39,88 |   40,55 |   41,16 |   40,55 |   37,68 |   40,79 |    40,00 |   40,01 | 0,200 
    LogitBoost |   40,73 |   38,72 |   41,16 |   38,35 |   38,84 |   39,76 |   41,04 |   42,07 |   40,43 |    39,76 |   40,09 | 0,201 
    NaiveBayes |   38,54 |   39,51 |   41,71 |   38,90 |   39,33 |   39,76 |   39,63 |   39,82 |   39,27 |    40,30 |   39,68 | 0,196 
    Regression |   40,24 |   39,82 |   42,13 |   40,24 |   40,79 |   40,85 |   41,40 |   41,83 |   40,43 |    40,98 |   40,87 | 0,212 
RotationForest |   41,95 |   40,12 |   37,93 |   40,06 |   40,67 |   41,65 |   39,15 |   41,16 |   39,57 |    39,21 |   40,15 | 0,202 
           SMO |   34,39 |   35,06 |   36,04 |   36,22 |   35,06 |   36,52 |   36,16 |   35,06 |   37,07 |    37,01 |   35,86 | 0,145 


Bagging [[1398.0, 551.0, 868.0, 1283.0], [450.0, 2760.0, 507.0, 383.0], [1051.0, 807.0, 1150.0, 1092.0], [1294.0, 592.0, 894.0, 1320.0]]
Clustering [[0.0, 2828.0, 1272.0, 0.0], [0.0, 3727.0, 373.0, 0.0], [0.0, 2516.0, 1584.0, 0.0], [0.0, 2795.0, 1305.0, 0.0]]
DecisionTable [[1294.0, 698.0, 750.0, 1358.0], [488.0, 2686.0, 572.0, 354.0], [1021.0, 825.0, 1196.0, 1058.0], [1344.0, 619.0, 822.0, 1315.0]]
END [[1171.0, 672.0, 489.0, 1768.0], [428.0, 2787.0, 380.0, 505.0], [940.0, 844.0, 959.0, 1357.0], [1102.0, 640.0, 600.0, 1758.0]]
J48 [[1248.0, 576.0, 972.0, 1304.0], [569.0, 2295.0, 679.0, 557.0], [1073.0, 761.0, 1130.0, 1136.0], [1187.0, 600.0, 1001.0, 1312.0]]
LogitBoost [[1459.0, 711.0, 758.0, 1172.0], [385.0, 2926.0, 431.0, 358.0], [973.0, 975.0, 1179.0, 973.0], [1323.0, 679.0, 795.0, 1303.0]]
NaiveBayes [[1041.0, 1717.0, 549.0, 793.0], [152.0, 3491.0, 307.0, 150.0], [723.0, 1695.0, 1039.0, 643.0], [1078.0, 1574.0, 618.0, 830.0]]
Regression [[1506.0, 861.0, 772.0, 961.0], [388.0, 3195.0, 361.0, 156.0], [1024.0, 1007.0, 1343.0, 726.0], [1472.0, 809.0, 836.0, 983.0]]
RotationForest [[1424.0, 547.0, 808.0, 1321.0], [478.0, 2715.0, 514.0, 393.0], [1108.0, 763.0, 1179.0, 1050.0], [1369.0, 537.0, 934.0, 1260.0]]
SMO [[1704.0, 890.0, 545.0, 961.0], [384.0, 3248.0, 320.0, 148.0], [1111.0, 1122.0, 1115.0, 752.0], [1640.0, 833.0, 676.0, 951.0]]
    Classifier | Test #1 | Test #2 | Test #3 | Test #4 | Test #5 | Test #6 | Test #7 | Test #8 | Test #9 | Test #10 | Correct | Kappa 
---------------+---------+---------+---------+---------+---------+---------+---------+---------+---------+----------+---------+-------
       Bagging |   39,51 |   41,95 |   38,78 |   40,67 |   41,16 |   39,88 |   40,24 |   42,20 |   39,45 |    40,30 |   40,41 | 0,206 
    Clustering |   32,01 |   31,95 |   33,23 |   32,50 |   32,87 |   33,35 |   32,38 |   32,13 |   32,01 |    31,40 |   32,38 | 0,098 
 DecisionTable |   38,90 |   40,98 |   39,63 |   39,09 |   40,00 |   39,82 |   39,33 |   39,57 |   39,94 |    38,54 |   39,58 | 0,194 
           END |   42,32 |   40,30 |   40,55 |   40,67 |   39,45 |   40,43 |   42,07 |   39,57 |   40,61 |    41,04 |   40,70 | 0,209 
           J48 |   35,91 |   35,61 |   35,79 |   35,85 |   35,24 |   37,62 |   36,83 |   37,20 |   36,83 |    38,05 |   36,49 | 0,153 
    LogitBoost |   40,30 |   41,77 |   41,89 |   42,20 |   41,83 |   42,56 |   42,20 |   42,38 |   42,20 |    41,40 |   41,87 | 0,225 
    NaiveBayes |   39,02 |   39,02 |   39,70 |   39,70 |   38,66 |   37,87 |   40,06 |   38,35 |   38,29 |    39,63 |   39,03 | 0,187 
    Regression |   42,07 |   43,96 |   41,22 |   44,33 |   42,93 |   44,33 |   43,23 |   41,34 |   42,50 |    42,56 |   42,85 | 0,238 
RotationForest |   39,02 |   40,55 |   39,45 |   39,76 |   40,43 |   42,99 |   39,45 |   40,06 |   39,27 |    40,12 |   40,11 | 0,201 
           SMO |   41,34 |   44,39 |   43,60 |   42,38 |   41,16 |   42,68 |   42,38 |   43,66 |   42,56 |    43,78 |   42,79 | 0,237 


    Classifier | Correct #0 | Correct #1 
---------------+------------+------------
       Bagging |      38,32 |      40,41 
    Clustering |      33,71 |      32,38 
 DecisionTable |      40,30 |      39,58 
           END |      40,50 |      40,70 
           J48 |      40,01 |      36,49 
    LogitBoost |      40,09 |      41,87 
    NaiveBayes |      39,68 |      39,03 
    Regression |      40,87 |      42,85 
RotationForest |      40,15 |      40,11 
           SMO |      35,86 |      42,79 
