    Classifier | Test #1 | Test #2 | Test #3 | Test #4 | Test #5 | Test #6 | Test #7 | Test #8 | Test #9 | Test #10 | Correct | Kappa 
---------------+---------+---------+---------+---------+---------+---------+---------+---------+---------+----------+---------+-------
       Bagging |   31,80 |   34,47 |   32,28 |   33,25 |   35,68 |   31,07 |   30,10 |   36,89 |   32,28 |    31,80 |   32,96 | 0,106 
    Clustering |   33,25 |   33,50 |   35,19 |   34,47 |   33,25 |   34,71 |   37,14 |   33,50 |   34,47 |    35,44 |   34,49 | 0,127 
 DecisionTable |   35,92 |   36,65 |   36,89 |   35,92 |   35,92 |   34,95 |   36,41 |   37,14 |   37,62 |    35,92 |   36,33 | 0,151 
           END |   36,89 |   36,41 |   37,14 |   33,25 |   36,65 |   35,68 |   38,35 |   38,11 |   36,17 |    37,62 |   36,63 | 0,155 
           IBk |   31,55 |   24,76 |   30,10 |   34,22 |   29,85 |   27,18 |   33,50 |   26,94 |   28,88 |    29,13 |   29,61 | 0,061 
           J48 |   35,92 |   35,92 |   34,95 |   36,41 |   34,47 |   38,11 |   36,17 |   34,47 |   35,68 |    37,14 |   35,92 | 0,146 
    LogitBoost |   36,89 |   40,78 |   39,08 |   33,50 |   32,52 |   34,47 |   37,14 |   36,17 |   36,41 |    32,04 |   35,90 | 0,145 
    NaiveBayes |   35,92 |   33,50 |   34,95 |   38,83 |   38,83 |   37,38 |   38,83 |   32,52 |   33,01 |    38,59 |   36,24 | 0,150 
    Regression |   39,56 |   39,32 |   33,98 |   38,83 |   34,71 |   38,83 |   33,74 |   33,50 |   39,08 |    36,89 |   36,84 | 0,158 
RotationForest |   34,47 |   36,89 |   33,01 |   37,62 |   38,35 |   36,17 |   34,95 |   35,92 |   35,19 |    34,71 |   35,73 | 0,143 
           SMO |   32,04 |   34,47 |   35,19 |   33,98 |   35,44 |   33,25 |   36,89 |   37,62 |   36,41 |    34,95 |   35,02 | 0,134 


    Classifier | Test #1 | Test #2 | Test #3 | Test #4 | Test #5 | Test #6 | Test #7 | Test #8 | Test #9 | Test #10 | Correct | Kappa 
---------------+---------+---------+---------+---------+---------+---------+---------+---------+---------+----------+---------+-------
       Bagging |   40,78 |   41,26 |   38,59 |   40,78 |   42,72 |   37,14 |   36,89 |   37,86 |   38,11 |    37,86 |   39,20 | 0,189 
    Clustering |   33,50 |   33,50 |   32,52 |   34,22 |   33,74 |   31,80 |   33,98 |   33,74 |   35,19 |    32,52 |   33,47 | 0,113 
 DecisionTable |   39,56 |   38,83 |   38,11 |   38,83 |   35,44 |   40,53 |   35,44 |   40,29 |   37,62 |    36,41 |   38,11 | 0,175 
           END |   36,41 |   36,89 |   37,86 |   34,95 |   35,19 |   35,44 |   38,59 |   40,53 |   34,22 |    38,59 |   36,87 | 0,158 
           IBk |   31,80 |   35,19 |   38,59 |   36,89 |   33,25 |   35,68 |   34,22 |   35,19 |   36,17 |    33,74 |   35,07 | 0,134 
           J48 |   31,80 |   36,65 |   32,28 |   35,19 |   34,22 |   33,98 |   35,19 |   35,92 |   33,74 |    33,50 |   34,25 | 0,123 
    LogitBoost |   38,35 |   41,75 |   34,22 |   36,89 |   44,90 |   39,81 |   37,86 |   39,32 |   38,59 |    39,08 |   39,08 | 0,188 
    NaiveBayes |   38,11 |   38,11 |   41,26 |   40,05 |   37,86 |   40,53 |   36,17 |   42,23 |   39,32 |    36,17 |   38,98 | 0,186 
    Regression |   37,86 |   40,29 |   39,56 |   42,72 |   39,32 |   39,32 |   41,26 |   38,83 |   40,05 |    35,44 |   39,47 | 0,193 
RotationForest |   32,28 |   35,19 |   35,44 |   32,77 |   30,10 |   34,22 |   34,47 |   34,95 |   34,71 |    34,71 |   33,88 | 0,118 
           SMO |   41,02 |   43,69 |   41,02 |   39,32 |   41,02 |   44,66 |   40,78 |   40,78 |   44,90 |    44,66 |   42,18 | 0,229 


    Classifier | Test #1 | Test #2 | Test #3 | Test #4 | Test #5 | Test #6 | Test #7 | Test #8 | Test #9 | Test #10 | Correct | Kappa 
---------------+---------+---------+---------+---------+---------+---------+---------+---------+---------+----------+---------+-------
       Bagging |   36,89 |   33,74 |   38,11 |   35,44 |   34,95 |   34,95 |   34,47 |   31,31 |   37,86 |    36,17 |   35,39 | 0,139 
    Clustering |   33,25 |   33,01 |   35,92 |   34,47 |   36,89 |   34,71 |   34,95 |   34,71 |   33,25 |    35,19 |   34,64 | 0,128 
 DecisionTable |   38,11 |   33,98 |   34,22 |   36,65 |   36,65 |   38,59 |   34,47 |   37,62 |   37,38 |    40,05 |   36,77 | 0,157 
           END |   39,32 |   39,81 |   35,68 |   34,71 |   34,22 |   37,62 |   34,71 |   36,41 |   38,35 |    37,38 |   36,82 | 0,158 
           IBk |   33,98 |   29,85 |   36,65 |   30,58 |   31,55 |   28,88 |   32,04 |   35,92 |   33,50 |    29,37 |   32,23 | 0,096 
           J48 |   37,86 |   35,44 |   35,92 |   36,65 |   37,62 |   35,92 |   40,53 |   36,65 |   37,14 |    34,47 |   36,82 | 0,158 
    LogitBoost |   37,14 |   36,89 |   36,65 |   38,35 |   37,14 |   35,44 |   39,08 |   35,68 |   36,17 |    37,62 |   37,01 | 0,160 
    NaiveBayes |   38,83 |   39,56 |   40,29 |   38,11 |   39,08 |   35,19 |   38,83 |   36,65 |   35,19 |    38,83 |   38,06 | 0,174 
    Regression |   35,92 |   33,74 |   39,08 |   41,50 |   40,78 |   38,83 |   35,92 |   37,38 |   38,59 |    37,62 |   37,94 | 0,172 
RotationForest |   34,47 |   37,86 |   33,98 |   36,89 |   36,17 |   39,08 |   34,47 |   38,11 |   35,19 |    39,56 |   36,58 | 0,154 
           SMO |   40,05 |   39,32 |   36,65 |   37,86 |   41,02 |   38,11 |   37,38 |   40,05 |   36,41 |    39,08 |   38,59 | 0,181 


    Classifier | Correct #0 | Correct #1 | Correct #2 
---------------+------------+------------+------------
       Bagging |      32,96 |      39,20 |      35,39 
    Clustering |      34,49 |      33,47 |      34,64 
 DecisionTable |      36,33 |      38,11 |      36,77 
           END |      36,63 |      36,87 |      36,82 
           IBk |      29,61 |      35,07 |      32,23 
           J48 |      35,92 |      34,25 |      36,82 
    LogitBoost |      35,90 |      39,08 |      37,01 
    NaiveBayes |      36,24 |      38,98 |      38,06 
    Regression |      36,84 |      39,47 |      37,94 
RotationForest |      35,73 |      33,88 |      36,58 
           SMO |      35,02 |      42,18 |      38,59 
