Bagging [[1479.0, 839.0, 418.0, 1364.0], [1036.0, 1362.0, 613.0, 1089.0], [556.0, 450.0, 2685.0, 409.0], [1391.0, 877.0, 354.0, 1478.0]]
Clustering [[0.0, 1949.0, 1648.0, 503.0], [0.0, 2054.0, 1566.0, 480.0], [0.0, 881.0, 2974.0, 245.0], [0.0, 2049.0, 1550.0, 501.0]]
DecisionTable [[1259.0, 598.0, 494.0, 1749.0], [896.0, 1327.0, 585.0, 1292.0], [508.0, 392.0, 2758.0, 442.0], [1324.0, 672.0, 378.0, 1726.0]]
END [[1200.0, 932.0, 509.0, 1459.0], [756.0, 1504.0, 698.0, 1142.0], [437.0, 415.0, 2792.0, 456.0], [1195.0, 917.0, 406.0, 1582.0]]
J48 [[1356.0, 654.0, 456.0, 1634.0], [935.0, 1357.0, 658.0, 1150.0], [554.0, 368.0, 2716.0, 462.0], [1361.0, 751.0, 343.0, 1645.0]]
LogitBoost [[1076.0, 572.0, 608.0, 1844.0], [688.0, 1294.0, 759.0, 1359.0], [527.0, 298.0, 2850.0, 425.0], [1100.0, 652.0, 458.0, 1890.0]]
NaiveBayes [[879.0, 702.0, 692.0, 1827.0], [537.0, 1123.0, 826.0, 1614.0], [329.0, 434.0, 3004.0, 333.0], [924.0, 599.0, 564.0, 2013.0]]
Regression [[1415.0, 584.0, 515.0, 1586.0], [962.0, 1372.0, 606.0, 1160.0], [652.0, 399.0, 2732.0, 317.0], [1403.0, 727.0, 363.0, 1607.0]]
RotationForest [[1493.0, 628.0, 483.0, 1496.0], [999.0, 1218.0, 665.0, 1218.0], [636.0, 417.0, 2733.0, 314.0], [1483.0, 677.0, 360.0, 1580.0]]
SMO [[512.0, 952.0, 738.0, 1898.0], [363.0, 859.0, 1015.0, 1863.0], [136.0, 562.0, 3030.0, 372.0], [462.0, 941.0, 576.0, 2121.0]]
    Classifier | Test #1 | Test #2 | Test #3 | Test #4 | Test #5 | Test #6 | Test #7 | Test #8 | Test #9 | Test #10 | Correct | Kappa 
---------------+---------+---------+---------+---------+---------+---------+---------+---------+---------+----------+---------+-------
       Bagging |   43,17 |   40,91 |   43,60 |   42,80 |   43,05 |   42,80 |   42,44 |   42,32 |   43,23 |    42,74 |   42,71 | 0,236 
    Clustering |   35,37 |   34,45 |   34,70 |   32,62 |   34,27 |   33,60 |   32,07 |   33,54 |   34,94 |    31,59 |   33,71 | 0,116 
 DecisionTable |   43,78 |   42,50 |   42,26 |   43,84 |   42,20 |   44,02 |   42,74 |   42,93 |   43,41 |    43,41 |   43,11 | 0,241 
           END |   43,84 |   43,05 |   43,84 |   43,54 |   42,01 |   43,54 |   43,60 |   41,95 |   43,54 |    42,68 |   43,16 | 0,242 
           J48 |   42,74 |   43,17 |   41,83 |   43,05 |   42,20 |   42,38 |   44,33 |   46,04 |   42,13 |    43,48 |   43,13 | 0,242 
    LogitBoost |   43,17 |   42,99 |   43,54 |   43,84 |   44,27 |   42,87 |   43,48 |   42,99 |   44,02 |    42,38 |   43,35 | 0,245 
    NaiveBayes |   44,51 |   43,29 |   41,34 |   44,09 |   41,89 |   41,10 |   42,80 |   43,60 |   43,05 |    42,32 |   42,80 | 0,237 
    Regression |   43,90 |   43,60 |   43,72 |   44,39 |   42,87 |   43,17 |   41,71 |   44,33 |   42,07 |    44,76 |   43,45 | 0,246 
RotationForest |   42,56 |   42,74 |   43,66 |   43,35 |   41,34 |   43,23 |   43,90 |   42,56 |   42,13 |    42,80 |   42,83 | 0,238 
           SMO |   40,06 |   39,76 |   38,29 |   39,57 |   39,63 |   40,18 |   40,43 |   40,73 |   37,93 |    41,10 |   39,77 | 0,197 


Bagging [[1383.0, 758.0, 429.0, 1530.0], [776.0, 1879.0, 609.0, 836.0], [485.0, 523.0, 2682.0, 410.0], [1425.0, 784.0, 319.0, 1572.0]]
Clustering [[0.0, 0.0, 144.0, 3956.0], [0.0, 0.0, 751.0, 3349.0], [0.0, 0.0, 2321.0, 1779.0], [0.0, 0.0, 94.0, 4006.0]]
DecisionTable [[1234.0, 774.0, 403.0, 1689.0], [745.0, 1806.0, 605.0, 944.0], [597.0, 487.0, 2638.0, 378.0], [1199.0, 793.0, 366.0, 1742.0]]
END [[1699.0, 759.0, 365.0, 1277.0], [838.0, 1946.0, 570.0, 746.0], [609.0, 547.0, 2567.0, 377.0], [1681.0, 746.0, 291.0, 1382.0]]
J48 [[1358.0, 858.0, 533.0, 1351.0], [884.0, 1641.0, 735.0, 840.0], [598.0, 577.0, 2472.0, 453.0], [1311.0, 903.0, 492.0, 1394.0]]
LogitBoost [[1334.0, 694.0, 335.0, 1737.0], [740.0, 2043.0, 486.0, 831.0], [535.0, 580.0, 2619.0, 366.0], [1285.0, 758.0, 256.0, 1801.0]]
NaiveBayes [[993.0, 293.0, 175.0, 2639.0], [659.0, 791.0, 448.0, 2202.0], [673.0, 650.0, 2273.0, 504.0], [839.0, 220.0, 133.0, 2908.0]]
Regression [[1185.0, 770.0, 515.0, 1630.0], [459.0, 2147.0, 603.0, 891.0], [407.0, 624.0, 2766.0, 303.0], [1058.0, 798.0, 382.0, 1862.0]]
RotationForest [[1515.0, 674.0, 417.0, 1494.0], [793.0, 1887.0, 614.0, 806.0], [461.0, 510.0, 2744.0, 385.0], [1464.0, 762.0, 326.0, 1548.0]]
SMO [[810.0, 695.0, 341.0, 2254.0], [291.0, 1877.0, 454.0, 1478.0], [408.0, 718.0, 2597.0, 377.0], [749.0, 665.0, 304.0, 2382.0]]
    Classifier | Test #1 | Test #2 | Test #3 | Test #4 | Test #5 | Test #6 | Test #7 | Test #8 | Test #9 | Test #10 | Correct | Kappa 
---------------+---------+---------+---------+---------+---------+---------+---------+---------+---------+----------+---------+-------
       Bagging |   45,12 |   43,11 |   45,37 |   48,17 |   47,74 |   45,18 |   47,01 |   46,34 |   45,12 |    45,12 |   45,83 | 0,278 
    Clustering |   38,96 |   37,87 |   38,72 |   39,02 |   39,27 |   37,74 |   39,15 |   39,39 |   37,74 |    37,93 |   38,58 | 0,181 
 DecisionTable |   45,37 |   47,62 |   45,24 |   46,52 |   43,96 |   43,96 |   42,38 |   48,29 |   45,06 |    44,02 |   45,24 | 0,270 
           END |   47,26 |   45,49 |   43,78 |   44,45 |   47,62 |   45,61 |   43,90 |   48,48 |   49,45 |    47,01 |   46,30 | 0,284 
           J48 |   41,28 |   41,52 |   40,43 |   44,33 |   42,62 |   40,24 |   43,05 |   42,74 |   40,67 |    41,71 |   41,86 | 0,225 
    LogitBoost |   48,66 |   45,24 |   47,01 |   48,17 |   47,38 |   46,40 |   48,60 |   48,41 |   47,74 |    47,80 |   47,54 | 0,301 
    NaiveBayes |   43,72 |   43,05 |   42,07 |   42,20 |   42,50 |   42,68 |   41,83 |   42,93 |   42,44 |    41,28 |   42,47 | 0,233 
    Regression |   47,38 |   49,88 |   46,65 |   47,93 |   48,84 |   49,76 |   47,74 |   48,60 |   48,11 |    50,49 |   48,54 | 0,314 
RotationForest |   47,74 |   46,71 |   47,26 |   46,77 |   46,46 |   45,18 |   45,18 |   48,54 |   48,11 |    47,20 |   46,91 | 0,292 
           SMO |   46,52 |   45,43 |   48,84 |   45,37 |   46,46 |   48,72 |   46,16 |   45,00 |   47,32 |    47,62 |   46,74 | 0,290 


    Classifier | Correct #0 | Correct #1 
---------------+------------+------------
       Bagging |      42,71 |      45,83 
    Clustering |      33,71 |      38,58 
 DecisionTable |      43,11 |      45,24 
           END |      43,16 |      46,30 
           J48 |      43,13 |      41,86 
    LogitBoost |      43,35 |      47,54 
    NaiveBayes |      42,80 |      42,47 
    Regression |      43,45 |      48,54 
RotationForest |      42,83 |      46,91 
           SMO |      39,77 |      46,74 
