KendallTauMean
LAbsMean
CanberraDistanceMean
LSquareMean
LAbsMin
LevenshteinDistanceMean
KendallTauMin
CanberraDistanceMin
LSquareMin
LevenshteinDistanceMin
LMaxMean
CanberraDistanceMax
LAbsMax
LSquareStandardDeviation
LAbsStandardDeviation
class

Bagging
  897    99     1     3     0     0 
  125   766     5    50    30    24 
  130    67   621    67   103    12 
  129   151    60   219   339   102 
   19    90    59   255   444   133 
    1    24     4    29    41   901 
0.632
0.5696
64.13%

DecisionTable
  896   104     0     0     0     0 
  133   770     0    49    20    28 
  135    72   610    39   127    17 
  131   147    57   122   431   112 
   23    97    54   133   542   151 
    9    32     5    12    60   882 
0.626
0.5644
63.70%

IBk
  920    79     0     1     0     0 
  162   737     2    50    18    31 
  138    60   622    78    88    14 
  136   147    72   222   333    90 
   20   108    55   251   436   130 
    1    25     9    16    50   899 
0.630
0.5672
63.93%

J48
  727   118    74    73     8     0 
  111   684    39    89    46    31 
  100    71   605    81   130    13 
  103   134    97   171   411    84 
   19    72    89   189   519   112 
    1    33    14    50    81   821 
0.580
0.5054
58.78%

LogitBoost
  889   108     1     2     0     0 
  114   810     0    30    23    23 
  126    75   606    66   107    20 
  123   168    52   152   398   107 
   19   119    44   155   523   140 
    1    27     2    27    48   895 
0.636
0.5750
64.58%

NaiveBayes
  944    54     0     2     0     0 
  202   722     0    45    11    20 
  146    65   644    37    94    14 
  148   156    97   102   364   133 
   25   120   110    91   471   183 
    1    18    22    15    56   888 
0.610
0.5542
62.85%

ClassificationViaRegression
  909    87     1     1     2     0 
  122   783     3    22    37    33 
  130    63   616    39   134    18 
  132   154    67   122   412   113 
   19   103    60   114   544   160 
    1    22     6     7    23   941 
0.640
0.5830
65.25%

SMO
  934    64     0     2     0     0 
  170   738     0    40    21    31 
  141    54   569    36   186    14 
  138   148    54    84   477    99 
   22   114    64    73   586   141 
    1    24     3     0    46   926 
0.628
0.5674
63.95%

