LSquareStandardDeviation
KendallTauStandardDeviation
CanberraDistanceStandardDeviation
LAbsStandardDeviation
KendallTauMean
CanberraDistanceMin
LMaxStandardDeviation
LSquareMin
CanberraDistanceKurtosis
LMaxMin
CanberraDistanceMean
KendallTauMin
LSquareMean
LMaxMean
LAbsMean
class

Bagging
  545   135   118    88    87    27 
   14   793    44    67    80     2 
  153   167   244   190   156    90 
  114   200   214   189   181   102 
  129   243   151   193   193    91 
   22    10    33    15    20   900 
0.458
0.3728
47.73%

DecisionTable
  538   167   114   117    37    27 
    5   904    14    53    22     2 
  144   233   249   182    90   102 
  103   283   231   204    87    92 
  109   305   203   184    94   105 
   35    13    44    14    22   872 
0.455
0.3722
47.68%

IBk
  553   156   110    87    72    22 
    4   878    40    33    44     1 
  145   228   197   197   144    89 
  111   262   197   194   139    97 
  128   288   166   176   151    91 
   30    12    30    24    21   883 
0.454
0.3712
47.60%

J48
  517    86   122   113   141    21 
   91   554    85   121   145     4 
  186   105   216   190   214    89 
  163   143   206   176   238    74 
  161   144   186   172   260    77 
   32    12    56    47    43   810 
0.415
0.3066
42.22%

LogitBoost
  542   172   118   108    45    15 
    0   926     9    44    16     5 
  132   253   239   214    69    93 
   93   295   226   206    74   106 
   94   326   193   215    68   104 
   39    14    33    11    12   891 
0.454
0.3744
47.87%

NaiveBayes
  571   204    35   142     9    39 
    0   931     0    54    12     3 
  136   288    44   337    26   169 
  100   356    34   313    37   160 
  109   378    35   280    39   159 
   47    10     0    11    12   920 
0.443
0.3636
46.97%

ClassificationViaRegression
  574   161   104    92    46    23 
    0   906    17    56    19     2 
  162   229   208   196    88   117 
  119   261   206   197   108   109 
  117   294   243   152    80   114 
   29    16    24     5     8   918 
0.451
0.3766
48.05%

SMO
  596   177    49    62    91    25 
    0   940     0    10    47     3 
  174   251    90   122   235   128 
  126   304    72   137   236   125 
  121   332    79   116   233   119 
   30    13     5     6    26   920 
0.459
0.3832
48.60%

