LSquareMean
LAbsMean
CanberraDistanceMean
CanberraDistanceMin
KendallTauMean
LevenshteinDistanceMean
LAbsMin
KendallTauMin
LSquareMin
CanberraDistanceMax
CanberraDistanceStandardDeviation
LevenshteinDistanceMin
LAbsMax
LevenshteinDistanceMax
KendallTauMax
class

Bagging
  773   173     4    30    16     4 
  258   586     2    57    61    36 
   26    43   786    67    55    23 
   94   123    94   295   298    96 
   42   126    60   288   306   178 
    5    32    17    50    55   841 
0.589
0.5174
59.78%

DecisionTable
  804   149     0    21    18     8 
  397   435     0    49    67    52 
   55    29   779    59    54    24 
  122   108    95   272   282   121 
   55   111    63   272   302   197 
   16    42    19    45    68   810 
0.558
0.4804
56.70%

IBk
  788   168     4    18    18     4 
  359   492     0    52    61    36 
   32    38   790    70    55    15 
  109   128   100   308   256    99 
   49   127    64   294   266   200 
    3    30    18    39    56   854 
0.572
0.4996
58.30%

J48
  638   244    13    63    36     6 
  273   491    25    87    84    40 
   32    35   759    88    64    22 
  102   119   102   326   271    80 
   52   102    91   295   299   161 
    7    40    27    72   120   734 
0.537
0.4494
54.12%

LogitBoost
  785   180     2    15    18     0 
  309   572     0    37    56    26 
   28    41   796    69    39    27 
   97   137   102   283   263   118 
   42   140    69   253   284   212 
    5    31    13    46    79   826 
0.580
0.5092
59.10%

NaiveBayes
  572   406     4     0    15     3 
  259   645     0     2    64    30 
   25    54   839     8    54    20 
   61   228   159    20   353   179 
   22   214   112    23   341   288 
    2    71    39     3    47   838 
0.529
0.4510
54.25%

ClassificationViaRegression
  774   177     7    15    24     3 
  240   607     2    60    54    37 
   28    34   787    65    60    26 
  101   112    97   279   302   109 
   61    94    64   264   329   188 
    8    28    15    19    29   901 
0.602
0.5354
61.28%

SMO
  818   150     4    23     3     2 
  347   533     0    67    19    34 
   35    34   804    72    25    30 
  116   124   136   370   152   102 
   53   128    99   341   194   185 
    5    33    15    20    56   871 
0.586
0.5180
59.83%

