    Classifier | Test #1 | Test #2 | Test #3 | Test #4 | Test #5 | Test #6 | Test #7 | Test #8 | Test #9 | Test #10 | Correct | Kappa 
---------------+---------+---------+---------+---------+---------+---------+---------+---------+---------+----------+---------+-------
       Bagging |   42,97 |   33,59 |   42,19 |   47,66 |   45,31 |   42,97 |   52,34 |   52,34 |   39,84 |    49,22 |   44,84 | 0,265 
    Clustering |   37,50 |   32,03 |   38,28 |   34,38 |   36,72 |   33,59 |   35,16 |   33,59 |   36,72 |    33,59 |   35,16 | 0,135 
 DecisionTable |   43,75 |   37,50 |   41,41 |   37,50 |   50,00 |   41,41 |   45,31 |   49,22 |   46,09 |    42,97 |   43,52 | 0,247 
           END |   46,09 |   50,78 |   44,53 |   40,63 |   50,00 |   57,81 |   53,13 |   47,66 |   50,00 |    51,56 |   49,22 | 0,323 
           IBk |   34,38 |   32,81 |   38,28 |   35,94 |   35,16 |   39,84 |   42,19 |   38,28 |   36,72 |    36,72 |   37,03 | 0,160 
           J48 |   49,22 |   50,00 |   45,31 |   44,53 |   39,84 |   41,41 |   43,75 |   49,22 |   42,19 |    43,75 |   44,92 | 0,266 
    LogitBoost |   48,44 |   47,66 |   48,44 |   50,00 |   51,56 |   53,91 |   51,56 |   47,66 |   44,53 |    50,78 |   49,45 | 0,326 
    NaiveBayes |   41,41 |   41,41 |   37,50 |   41,41 |   42,97 |   40,63 |   43,75 |   46,09 |   42,19 |    45,31 |   42,27 | 0,230 
    Regression |   46,09 |   53,91 |   49,22 |   57,03 |   49,22 |   48,44 |   42,97 |   50,78 |   44,53 |    39,84 |   48,20 | 0,309 
RotationForest |   49,22 |   39,06 |   50,00 |   42,97 |   39,84 |   41,41 |   49,22 |   50,78 |   38,28 |    45,31 |   44,61 | 0,261 
           SMO |   46,88 |   43,75 |   37,50 |   42,19 |   35,16 |   34,38 |   39,84 |   45,31 |   41,41 |    39,84 |   40,63 | 0,208 


    Classifier | Test #1 | Test #2 | Test #3 | Test #4 | Test #5 | Test #6 | Test #7 | Test #8 | Test #9 | Test #10 | Correct | Kappa 
---------------+---------+---------+---------+---------+---------+---------+---------+---------+---------+----------+---------+-------
       Bagging |   38,28 |   44,53 |   44,53 |   51,56 |   53,91 |   46,88 |   50,00 |   45,31 |   53,13 |    46,88 |   47,50 | 0,300 
    Clustering |   42,97 |   42,19 |   39,06 |   41,41 |   38,28 |   37,50 |   41,41 |   41,41 |   38,28 |    42,19 |   40,47 | 0,206 
 DecisionTable |   46,88 |   41,41 |   40,63 |   45,31 |   43,75 |   49,22 |   50,78 |   50,00 |   53,13 |    46,09 |   46,72 | 0,290 
           END |   45,31 |   35,94 |   41,41 |   46,09 |   42,19 |   42,19 |   44,53 |   37,50 |   50,00 |    46,09 |   43,13 | 0,242 
           IBk |   47,66 |   39,84 |   38,28 |   38,28 |   43,75 |   42,19 |   42,97 |   36,72 |   41,41 |    38,28 |   40,94 | 0,213 
           J48 |   37,50 |   39,06 |   38,28 |   44,53 |   38,28 |   44,53 |   50,00 |   44,53 |   42,97 |    32,03 |   41,17 | 0,216 
    LogitBoost |   47,66 |   39,06 |   52,34 |   45,31 |   50,00 |   51,56 |   50,78 |   49,22 |   47,66 |    42,97 |   47,66 | 0,302 
    NaiveBayes |   36,72 |   44,53 |   39,84 |   44,53 |   46,09 |   44,53 |   38,28 |   40,63 |   38,28 |    43,75 |   41,72 | 0,223 
    Regression |   46,09 |   46,09 |   46,88 |   53,91 |   50,00 |   47,66 |   43,75 |   40,63 |   44,53 |    50,00 |   46,95 | 0,293 
RotationForest |   41,41 |   49,22 |   38,28 |   38,28 |   43,75 |   37,50 |   54,69 |   44,53 |   52,34 |    49,22 |   44,92 | 0,266 
           SMO |   47,66 |   50,00 |   42,97 |   42,97 |   47,66 |   46,09 |   44,53 |   43,75 |   38,28 |    43,75 |   44,77 | 0,264 


    Classifier | Correct #0 | Correct #1 
---------------+------------+------------
       Bagging |      44,84 |      47,50 
    Clustering |      35,16 |      40,47 
 DecisionTable |      43,52 |      46,72 
           END |      49,22 |      43,13 
           IBk |      37,03 |      40,94 
           J48 |      44,92 |      41,17 
    LogitBoost |      49,45 |      47,66 
    NaiveBayes |      42,27 |      41,72 
    Regression |      48,20 |      46,95 
RotationForest |      44,61 |      44,92 
           SMO |      40,63 |      44,77 
