    Classifier | Test #1 | Test #2 | Test #3 | Test #4 | Test #5 | Test #6 | Test #7 | Test #8 | Test #9 | Test #10 | Correct | Kappa 
---------------+---------+---------+---------+---------+---------+---------+---------+---------+---------+----------+---------+-------
       Bagging |   35,94 |   35,16 |   35,16 |   35,16 |   36,72 |   36,72 |   32,81 |   29,69 |   39,06 |    29,69 |   34,61 | 0,128 
    Clustering |   34,38 |   32,03 |   35,16 |   33,59 |   35,94 |   32,81 |   32,03 |   35,16 |   33,59 |    31,25 |   33,59 | 0,115 
 DecisionTable |   39,84 |   39,06 |   36,72 |   38,28 |   39,84 |   37,50 |   37,50 |   32,81 |   35,16 |    35,94 |   37,27 | 0,164 
           END |   35,16 |   39,06 |   32,81 |   36,72 |   38,28 |   39,84 |   40,63 |   33,59 |   38,28 |    37,50 |   37,19 | 0,162 
           IBk |   29,69 |   30,47 |   34,38 |   29,69 |   32,03 |   39,84 |   29,69 |   25,78 |   29,69 |    35,16 |   31,64 | 0,089 
           J48 |   37,50 |   35,94 |   28,13 |   32,81 |   35,94 |   26,56 |   38,28 |   38,28 |   42,97 |    34,38 |   35,08 | 0,134 
    LogitBoost |   33,59 |   32,81 |   38,28 |   39,06 |   41,41 |   37,50 |   29,69 |   42,97 |   43,75 |    38,28 |   37,73 | 0,170 
    NaiveBayes |   36,72 |   35,94 |   35,94 |   39,06 |   31,25 |   39,06 |   35,16 |   35,16 |   33,59 |    33,59 |   35,55 | 0,141 
    Regression |   37,50 |   32,03 |   41,41 |   41,41 |   37,50 |   31,25 |   37,50 |   38,28 |   38,28 |    39,06 |   37,42 | 0,166 
RotationForest |   39,06 |   29,69 |   39,84 |   31,25 |   34,38 |   40,63 |   44,53 |   35,94 |   35,94 |    39,06 |   37,03 | 0,160 
           SMO |   40,63 |   37,50 |   38,28 |   30,47 |   39,06 |   38,28 |   40,63 |   45,31 |   35,94 |    28,13 |   37,42 | 0,166 


    Classifier | Test #1 | Test #2 | Test #3 | Test #4 | Test #5 | Test #6 | Test #7 | Test #8 | Test #9 | Test #10 | Correct | Kappa 
---------------+---------+---------+---------+---------+---------+---------+---------+---------+---------+----------+---------+-------
       Bagging |   33,59 |   38,28 |   36,72 |   34,38 |   33,59 |   32,03 |   37,50 |   45,31 |   42,19 |    29,69 |   36,33 | 0,151 
    Clustering |   34,38 |   33,59 |   35,16 |   33,59 |   35,94 |   36,72 |   35,94 |   35,94 |   35,16 |    36,72 |   35,31 | 0,138 
 DecisionTable |   35,94 |   33,59 |   41,41 |   31,25 |   35,94 |   33,59 |   35,16 |   29,69 |   39,06 |    33,59 |   34,92 | 0,132 
           END |   37,50 |   37,50 |   34,38 |   30,47 |   36,72 |   35,16 |   40,63 |   35,94 |   37,50 |    32,03 |   35,78 | 0,144 
           IBk |   34,38 |   29,69 |   38,28 |   34,38 |   39,84 |   42,97 |   35,16 |   45,31 |   31,25 |    33,59 |   36,48 | 0,153 
           J48 |   37,50 |   30,47 |   39,84 |   33,59 |   37,50 |   32,81 |   32,81 |   35,16 |   33,59 |    42,19 |   35,55 | 0,141 
    LogitBoost |   37,50 |   37,50 |   43,75 |   32,81 |   44,53 |   39,84 |   42,97 |   32,03 |   44,53 |    39,06 |   39,45 | 0,193 
    NaiveBayes |   35,94 |   37,50 |   42,97 |   36,72 |   38,28 |   32,03 |   35,94 |   39,84 |   32,03 |    35,16 |   36,64 | 0,155 
    Regression |   32,81 |   35,16 |   33,59 |   39,06 |   35,16 |   40,63 |   35,94 |   34,38 |   31,25 |    42,19 |   36,02 | 0,147 
RotationForest |   34,38 |   35,94 |   36,72 |   37,50 |   40,63 |   33,59 |   33,59 |   36,72 |   27,34 |    39,06 |   35,55 | 0,141 
           SMO |   36,72 |   40,63 |   36,72 |   42,97 |   42,19 |   42,19 |   39,84 |   43,75 |   37,50 |    32,81 |   39,53 | 0,194 


    Classifier | Correct #0 | Correct #1 
---------------+------------+------------
       Bagging |      34,61 |      36,33 
    Clustering |      33,59 |      35,31 
 DecisionTable |      37,27 |      34,92 
           END |      37,19 |      35,78 
           IBk |      31,64 |      36,48 
           J48 |      35,08 |      35,55 
    LogitBoost |      37,73 |      39,45 
    NaiveBayes |      35,55 |      36,64 
    Regression |      37,42 |      36,02 
RotationForest |      37,03 |      35,55 
           SMO |      37,42 |      39,53 
