    Classifier | Test #1 | Test #2 | Test #3 | Test #4 | Test #5 | Test #6 | Test #7 | Test #8 | Test #9 | Test #10 | Correct | Kappa 
---------------+---------+---------+---------+---------+---------+---------+---------+---------+---------+----------+---------+-------
       Bagging |   37,50 |   43,75 |   40,63 |   43,75 |   39,84 |   41,41 |   37,50 |   46,09 |   36,72 |    40,63 |   40,78 | 0,210 
    Clustering |   33,59 |   35,94 |   35,16 |   37,50 |   32,81 |   35,16 |   36,72 |   35,94 |   35,94 |    35,16 |   35,39 | 0,139 
 DecisionTable |   45,31 |   43,75 |   44,53 |   48,44 |   42,97 |   42,97 |   42,19 |   33,59 |   41,41 |    33,59 |   41,88 | 0,225 
           END |   43,75 |   46,09 |   45,31 |   40,63 |   48,44 |   47,66 |   48,44 |   42,19 |   42,97 |    39,84 |   44,53 | 0,260 
           IBk |   42,19 |   43,75 |   30,47 |   42,97 |   39,06 |   40,63 |   36,72 |   41,41 |   40,63 |    32,03 |   38,98 | 0,186 
           J48 |   46,88 |   46,09 |   42,19 |   45,31 |   50,00 |   42,19 |   37,50 |   41,41 |   40,63 |    45,31 |   43,75 | 0,250 
    LogitBoost |   46,88 |   45,31 |   42,97 |   42,97 |   40,63 |   46,88 |   44,53 |   42,97 |   45,31 |    42,97 |   44,14 | 0,255 
    NaiveBayes |   42,19 |   50,78 |   36,72 |   46,09 |   48,44 |   38,28 |   46,09 |   40,63 |   42,97 |    45,31 |   43,75 | 0,250 
    Regression |   39,06 |   42,97 |   42,97 |   42,97 |   40,63 |   43,75 |   39,06 |   47,66 |   46,09 |    47,66 |   43,28 | 0,244 
RotationForest |   43,75 |   48,44 |   50,00 |   39,84 |   40,63 |   49,22 |   48,44 |   46,09 |   42,19 |    40,63 |   44,92 | 0,266 
           SMO |   38,28 |   39,84 |   36,72 |   41,41 |   47,66 |   42,19 |   40,63 |   37,50 |   37,50 |    42,19 |   40,39 | 0,205 


    Classifier | Test #1 | Test #2 | Test #3 | Test #4 | Test #5 | Test #6 | Test #7 | Test #8 | Test #9 | Test #10 | Correct | Kappa 
---------------+---------+---------+---------+---------+---------+---------+---------+---------+---------+----------+---------+-------
       Bagging |   50,78 |   54,69 |   53,13 |   47,66 |   42,97 |   50,00 |   46,09 |   44,53 |   42,19 |    48,44 |   48,05 | 0,307 
    Clustering |   35,94 |   35,94 |   40,63 |   40,63 |   41,41 |   40,63 |   40,63 |   41,41 |   37,50 |    39,06 |   39,38 | 0,192 
 DecisionTable |   45,31 |   38,28 |   46,09 |   46,09 |   45,31 |   52,34 |   53,13 |   43,75 |   49,22 |    45,31 |   46,48 | 0,286 
           END |   35,94 |   42,97 |   35,94 |   39,06 |   40,63 |   43,75 |   48,44 |   46,88 |   42,97 |    37,50 |   41,41 | 0,219 
           IBk |   42,97 |   40,63 |   41,41 |   42,19 |   39,84 |   48,44 |   46,88 |   40,63 |   37,50 |    39,06 |   41,95 | 0,226 
           J48 |   42,97 |   40,63 |   42,19 |   44,53 |   39,06 |   37,50 |   44,53 |   43,75 |   45,31 |    41,41 |   42,19 | 0,229 
    LogitBoost |   52,34 |   50,00 |   45,31 |   48,44 |   38,28 |   42,97 |   44,53 |   47,66 |   50,78 |    42,97 |   46,33 | 0,284 
    NaiveBayes |   41,41 |   39,84 |   42,97 |   44,53 |   44,53 |   45,31 |   46,09 |   42,19 |   42,97 |    46,88 |   43,67 | 0,249 
    Regression |   49,22 |   42,97 |   46,09 |   44,53 |   50,78 |   46,09 |   39,06 |   42,19 |   47,66 |    42,97 |   45,16 | 0,269 
RotationForest |   50,78 |   50,00 |   46,09 |   39,06 |   46,09 |   41,41 |   50,00 |   43,75 |   50,00 |    46,09 |   46,33 | 0,284 
           SMO |   50,00 |   50,00 |   46,09 |   46,88 |   41,41 |   44,53 |   50,78 |   44,53 |   45,31 |    48,44 |   46,80 | 0,291 


    Classifier | Correct #0 | Correct #1 
---------------+------------+------------
       Bagging |      40,78 |      48,05 
    Clustering |      35,39 |      39,38 
 DecisionTable |      41,88 |      46,48 
           END |      44,53 |      41,41 
           IBk |      38,98 |      41,95 
           J48 |      43,75 |      42,19 
    LogitBoost |      44,14 |      46,33 
    NaiveBayes |      43,75 |      43,67 
    Regression |      43,28 |      45,16 
RotationForest |      44,92 |      46,33 
           SMO |      40,39 |      46,80 
