Bagging [[9.0, 8.0, 14.0, 9.0], [11.0, 11.0, 3.0, 15.0], [6.0, 5.0, 27.0, 2.0], [11.0, 18.0, 2.0, 9.0]]
Clustering [[10.0, 10.0, 11.0, 9.0], [12.0, 8.0, 8.0, 12.0], [12.0, 4.0, 16.0, 8.0], [10.0, 10.0, 11.0, 9.0]]
DecisionTable [[0.0, 11.0, 4.0, 25.0], [1.0, 12.0, 5.0, 22.0], [0.0, 11.0, 13.0, 16.0], [0.0, 10.0, 5.0, 25.0]]
END [[13.0, 6.0, 5.0, 16.0], [8.0, 9.0, 5.0, 18.0], [6.0, 8.0, 19.0, 7.0], [13.0, 11.0, 1.0, 15.0]]
J48 [[21.0, 3.0, 10.0, 6.0], [10.0, 11.0, 4.0, 15.0], [13.0, 6.0, 21.0, 0.0], [18.0, 10.0, 5.0, 7.0]]
LogitBoost [[13.0, 8.0, 6.0, 13.0], [11.0, 4.0, 7.0, 18.0], [5.0, 5.0, 23.0, 7.0], [13.0, 9.0, 2.0, 16.0]]
NaiveBayes [[17.0, 9.0, 8.0, 6.0], [8.0, 14.0, 3.0, 15.0], [2.0, 7.0, 31.0, 0.0], [11.0, 8.0, 3.0, 18.0]]
Regression [[0.0, 12.0, 14.0, 14.0], [3.0, 6.0, 13.0, 18.0], [3.0, 0.0, 35.0, 2.0], [0.0, 16.0, 6.0, 18.0]]
RotationForest [[13.0, 3.0, 11.0, 13.0], [10.0, 8.0, 6.0, 16.0], [6.0, 2.0, 31.0, 1.0], [16.0, 8.0, 2.0, 14.0]]
SMO [[18.0, 5.0, 10.0, 7.0], [18.0, 4.0, 6.0, 12.0], [7.0, 1.0, 32.0, 0.0], [15.0, 7.0, 9.0, 9.0]]
    Classifier | Test #1 | Test #2 | Test #3 | Test #4 | Test #5 | Test #6 | Test #7 | Test #8 | Test #9 | Test #10 | Correct | Kappa 
---------------+---------+---------+---------+---------+---------+---------+---------+---------+---------+----------+---------+-------
       Bagging |   50,00 |   25,00 |   31,25 |   31,25 |   25,00 |   50,00 |   37,50 |   31,25 |   25,00 |    43,75 |   35,00 | 0,133 
    Clustering |   25,00 |   25,00 |   18,75 |   31,25 |   18,75 |   25,00 |   37,50 |   25,00 |   18,75 |    43,75 |   26,88 | 0,025 
 DecisionTable |   25,00 |   43,75 |   37,50 |   31,25 |   37,50 |   31,25 |   25,00 |   31,25 |   31,25 |    18,75 |   31,25 | 0,083 
           END |   37,50 |   37,50 |   43,75 |   18,75 |   25,00 |   31,25 |   31,25 |   31,25 |   43,75 |    50,00 |   35,00 | 0,133 
           J48 |   43,75 |   31,25 |   31,25 |   43,75 |   31,25 |   50,00 |   37,50 |   25,00 |   37,50 |    43,75 |   37,50 | 0,167 
    LogitBoost |   12,50 |   37,50 |   31,25 |   43,75 |   31,25 |   25,00 |   43,75 |   43,75 |   37,50 |    43,75 |   35,00 | 0,133 
    NaiveBayes |   56,25 |   37,50 |   43,75 |   62,50 |   43,75 |   37,50 |   50,00 |   50,00 |   68,75 |    50,00 |   50,00 | 0,333 
    Regression |   31,25 |   43,75 |   43,75 |   25,00 |   31,25 |   43,75 |   31,25 |   37,50 |   31,25 |    50,00 |   36,88 | 0,158 
RotationForest |   56,25 |   43,75 |   50,00 |   31,25 |   31,25 |   43,75 |   31,25 |   43,75 |   31,25 |    50,00 |   41,25 | 0,217 
           SMO |   43,75 |   37,50 |   43,75 |   37,50 |   56,25 |   25,00 |   25,00 |   37,50 |   31,25 |    56,25 |   39,38 | 0,192 


Bagging [[17.0, 7.0, 7.0, 9.0], [3.0, 18.0, 4.0, 15.0], [1.0, 4.0, 33.0, 2.0], [6.0, 17.0, 2.0, 15.0]]
Clustering [[19.0, 8.0, 3.0, 10.0], [17.0, 7.0, 4.0, 12.0], [7.0, 2.0, 30.0, 1.0], [20.0, 8.0, 1.0, 11.0]]
DecisionTable [[14.0, 2.0, 5.0, 19.0], [13.0, 4.0, 4.0, 19.0], [15.0, 0.0, 23.0, 2.0], [11.0, 4.0, 0.0, 25.0]]
END [[14.0, 6.0, 8.0, 12.0], [3.0, 18.0, 3.0, 16.0], [10.0, 2.0, 25.0, 3.0], [11.0, 11.0, 5.0, 13.0]]
J48 [[10.0, 7.0, 7.0, 16.0], [6.0, 18.0, 6.0, 10.0], [6.0, 3.0, 26.0, 5.0], [11.0, 10.0, 2.0, 17.0]]
LogitBoost [[19.0, 7.0, 6.0, 8.0], [9.0, 14.0, 6.0, 11.0], [7.0, 2.0, 28.0, 3.0], [11.0, 9.0, 6.0, 14.0]]
NaiveBayes [[18.0, 3.0, 5.0, 14.0], [11.0, 8.0, 3.0, 18.0], [19.0, 0.0, 21.0, 0.0], [13.0, 2.0, 0.0, 25.0]]
Regression [[15.0, 8.0, 10.0, 7.0], [8.0, 19.0, 2.0, 11.0], [4.0, 0.0, 32.0, 4.0], [10.0, 12.0, 3.0, 15.0]]
RotationForest [[16.0, 5.0, 7.0, 12.0], [4.0, 20.0, 4.0, 12.0], [4.0, 1.0, 32.0, 3.0], [13.0, 9.0, 2.0, 16.0]]
SMO [[14.0, 7.0, 3.0, 16.0], [4.0, 8.0, 1.0, 27.0], [11.0, 2.0, 25.0, 2.0], [8.0, 2.0, 1.0, 29.0]]
    Classifier | Test #1 | Test #2 | Test #3 | Test #4 | Test #5 | Test #6 | Test #7 | Test #8 | Test #9 | Test #10 | Correct | Kappa 
---------------+---------+---------+---------+---------+---------+---------+---------+---------+---------+----------+---------+-------
       Bagging |   43,75 |   62,50 |   62,50 |   50,00 |   50,00 |   68,75 |   37,50 |   56,25 |   56,25 |    31,25 |   51,88 | 0,358 
    Clustering |   50,00 |   43,75 |   37,50 |   43,75 |   43,75 |   37,50 |   31,25 |   43,75 |   43,75 |    43,75 |   41,88 | 0,225 
 DecisionTable |   37,50 |   56,25 |   31,25 |   43,75 |   56,25 |   43,75 |   43,75 |   18,75 |   56,25 |    25,00 |   41,25 | 0,217 
           END |   37,50 |   37,50 |   56,25 |   50,00 |   25,00 |   50,00 |   37,50 |   50,00 |   43,75 |    50,00 |   43,75 | 0,250 
           J48 |   43,75 |   56,25 |   43,75 |   37,50 |   56,25 |   25,00 |   37,50 |   43,75 |   43,75 |    56,25 |   44,38 | 0,258 
    LogitBoost |   50,00 |   50,00 |   43,75 |   50,00 |   43,75 |   31,25 |   50,00 |   43,75 |   31,25 |    75,00 |   46,88 | 0,292 
    NaiveBayes |   50,00 |   62,50 |   37,50 |   43,75 |   31,25 |   50,00 |   43,75 |   56,25 |   37,50 |    37,50 |   45,00 | 0,267 
    Regression |   56,25 |   43,75 |   56,25 |   62,50 |   62,50 |   50,00 |   50,00 |   31,25 |   43,75 |    50,00 |   50,63 | 0,342 
RotationForest |   50,00 |   56,25 |   56,25 |   50,00 |   43,75 |   62,50 |   50,00 |   43,75 |   37,50 |    75,00 |   52,50 | 0,367 
           SMO |   37,50 |   68,75 |   50,00 |   43,75 |   43,75 |   56,25 |   43,75 |   43,75 |   37,50 |    50,00 |   47,50 | 0,300 


    Classifier | Correct #0 | Correct #1 
---------------+------------+------------
       Bagging |      35,00 |      51,88 
    Clustering |      26,88 |      41,88 
 DecisionTable |      31,25 |      41,25 
           END |      35,00 |      43,75 
           J48 |      37,50 |      44,38 
    LogitBoost |      35,00 |      46,88 
    NaiveBayes |      50,00 |      45,00 
    Regression |      36,88 |      50,63 
RotationForest |      41,25 |      52,50 
           SMO |      39,38 |      47,50 
