Bagging [[21.0, 6.0, 9.0, 4.0], [4.0, 28.0, 1.0, 7.0], [10.0, 10.0, 11.0, 9.0], [13.0, 18.0, 5.0, 4.0]]
Clustering [[27.0, 6.0, 3.0, 4.0], [10.0, 29.0, 1.0, 0.0], [21.0, 16.0, 1.0, 2.0], [25.0, 10.0, 2.0, 3.0]]
DecisionTable [[3.0, 29.0, 8.0, 0.0], [4.0, 28.0, 8.0, 0.0], [4.0, 28.0, 8.0, 0.0], [3.0, 29.0, 8.0, 0.0]]
END [[12.0, 4.0, 9.0, 15.0], [4.0, 17.0, 8.0, 11.0], [13.0, 5.0, 7.0, 15.0], [7.0, 10.0, 11.0, 12.0]]
J48 [[17.0, 7.0, 6.0, 10.0], [6.0, 16.0, 11.0, 7.0], [10.0, 10.0, 9.0, 11.0], [7.0, 16.0, 8.0, 9.0]]
LogitBoost [[19.0, 8.0, 4.0, 9.0], [2.0, 19.0, 10.0, 9.0], [7.0, 8.0, 12.0, 13.0], [16.0, 7.0, 7.0, 10.0]]
NaiveBayes [[22.0, 5.0, 5.0, 8.0], [2.0, 20.0, 10.0, 8.0], [11.0, 9.0, 6.0, 14.0], [16.0, 4.0, 6.0, 14.0]]
Regression [[24.0, 11.0, 1.0, 4.0], [10.0, 27.0, 1.0, 2.0], [19.0, 12.0, 6.0, 3.0], [21.0, 15.0, 3.0, 1.0]]
RotationForest [[22.0, 5.0, 5.0, 8.0], [4.0, 23.0, 6.0, 7.0], [9.0, 9.0, 9.0, 13.0], [12.0, 4.0, 12.0, 12.0]]
SMO [[25.0, 1.0, 7.0, 7.0], [3.0, 16.0, 8.0, 13.0], [7.0, 7.0, 11.0, 15.0], [7.0, 7.0, 12.0, 14.0]]
    Classifier | Test #1 | Test #2 | Test #3 | Test #4 | Test #5 | Test #6 | Test #7 | Test #8 | Test #9 | Test #10 | Correct |  Kappa 
---------------+---------+---------+---------+---------+---------+---------+---------+---------+---------+----------+---------+--------
       Bagging |   37,50 |   31,25 |   50,00 |   50,00 |   43,75 |   37,50 |   31,25 |   37,50 |   43,75 |    37,50 |   40,00 |  0,200 
    Clustering |   43,75 |   37,50 |   25,00 |   37,50 |   37,50 |   43,75 |   43,75 |   31,25 |   37,50 |    37,50 |   37,50 |  0,167 
 DecisionTable |   25,00 |   25,00 |   25,00 |   25,00 |   25,00 |   25,00 |   25,00 |   18,75 |   25,00 |    25,00 |   24,38 | -0,008 
           END |   43,75 |   37,50 |   25,00 |   37,50 |   18,75 |   31,25 |   31,25 |   31,25 |   18,75 |    25,00 |   30,00 |  0,067 
           J48 |   25,00 |   18,75 |   37,50 |   43,75 |   37,50 |   50,00 |   31,25 |   25,00 |   25,00 |    25,00 |   31,88 |  0,092 
    LogitBoost |   43,75 |   43,75 |   31,25 |   43,75 |   25,00 |   18,75 |   37,50 |   56,25 |   37,50 |    37,50 |   37,50 |  0,167 
    NaiveBayes |   37,50 |   50,00 |   43,75 |   18,75 |   43,75 |   25,00 |   37,50 |   50,00 |   50,00 |    31,25 |   38,75 |  0,183 
    Regression |   37,50 |   25,00 |   25,00 |   43,75 |   43,75 |   43,75 |   31,25 |   43,75 |   31,25 |    37,50 |   36,25 |  0,150 
RotationForest |   25,00 |   50,00 |   56,25 |   50,00 |   18,75 |   43,75 |   43,75 |   43,75 |   37,50 |    43,75 |   41,25 |  0,217 
           SMO |   37,50 |   43,75 |   56,25 |   43,75 |   37,50 |   50,00 |   31,25 |   31,25 |   43,75 |    37,50 |   41,25 |  0,217 


Bagging [[19.0, 9.0, 8.0, 4.0], [4.0, 20.0, 9.0, 7.0], [13.0, 13.0, 4.0, 10.0], [16.0, 9.0, 5.0, 10.0]]
Clustering [[13.0, 25.0, 0.0, 2.0], [3.0, 37.0, 0.0, 0.0], [10.0, 29.0, 0.0, 1.0], [11.0, 29.0, 0.0, 0.0]]
DecisionTable [[3.0, 6.0, 1.0, 30.0], [2.0, 17.0, 1.0, 20.0], [4.0, 6.0, 0.0, 30.0], [4.0, 2.0, 1.0, 33.0]]
END [[17.0, 6.0, 9.0, 8.0], [5.0, 23.0, 6.0, 6.0], [11.0, 12.0, 5.0, 12.0], [7.0, 6.0, 4.0, 23.0]]
J48 [[11.0, 4.0, 18.0, 7.0], [9.0, 19.0, 9.0, 3.0], [4.0, 16.0, 11.0, 9.0], [9.0, 5.0, 12.0, 14.0]]
LogitBoost [[7.0, 8.0, 17.0, 8.0], [4.0, 23.0, 6.0, 7.0], [14.0, 8.0, 6.0, 12.0], [7.0, 7.0, 7.0, 19.0]]
NaiveBayes [[13.0, 12.0, 2.0, 13.0], [2.0, 31.0, 2.0, 5.0], [7.0, 18.0, 1.0, 14.0], [12.0, 19.0, 2.0, 7.0]]
Regression [[17.0, 5.0, 6.0, 12.0], [3.0, 23.0, 7.0, 7.0], [13.0, 6.0, 3.0, 18.0], [11.0, 7.0, 7.0, 15.0]]
RotationForest [[18.0, 1.0, 15.0, 6.0], [0.0, 26.0, 5.0, 9.0], [9.0, 16.0, 4.0, 11.0], [13.0, 5.0, 4.0, 18.0]]
SMO [[11.0, 8.0, 4.0, 17.0], [1.0, 27.0, 6.0, 6.0], [6.0, 14.0, 4.0, 16.0], [11.0, 15.0, 6.0, 8.0]]
    Classifier | Test #1 | Test #2 | Test #3 | Test #4 | Test #5 | Test #6 | Test #7 | Test #8 | Test #9 | Test #10 | Correct | Kappa 
---------------+---------+---------+---------+---------+---------+---------+---------+---------+---------+----------+---------+-------
       Bagging |   50,00 |   37,50 |   43,75 |   31,25 |   31,25 |   43,75 |   37,50 |   18,75 |   12,50 |    25,00 |   33,13 | 0,108 
    Clustering |   31,25 |   18,75 |   31,25 |   25,00 |   37,50 |   37,50 |   25,00 |   31,25 |   37,50 |    37,50 |   31,25 | 0,083 
 DecisionTable |   31,25 |   31,25 |   31,25 |   31,25 |   37,50 |   37,50 |   25,00 |   25,00 |   37,50 |    43,75 |   33,13 | 0,108 
           END |   37,50 |   31,25 |   31,25 |   43,75 |   31,25 |   50,00 |   50,00 |   37,50 |   62,50 |    50,00 |   42,50 | 0,233 
           J48 |   18,75 |   31,25 |   31,25 |   43,75 |   37,50 |   12,50 |   37,50 |   43,75 |   37,50 |    50,00 |   34,38 | 0,125 
    LogitBoost |   37,50 |   50,00 |   31,25 |   37,50 |   25,00 |   31,25 |   37,50 |   37,50 |   18,75 |    37,50 |   34,38 | 0,125 
    NaiveBayes |   31,25 |   31,25 |   18,75 |   31,25 |   37,50 |   43,75 |   37,50 |   31,25 |   31,25 |    31,25 |   32,50 | 0,100 
    Regression |   37,50 |   37,50 |   37,50 |   43,75 |   50,00 |   31,25 |   31,25 |   31,25 |   25,00 |    37,50 |   36,25 | 0,150 
RotationForest |   37,50 |   56,25 |   43,75 |   43,75 |   31,25 |   37,50 |   62,50 |   31,25 |   43,75 |    25,00 |   41,25 | 0,217 
           SMO |   18,75 |   43,75 |   18,75 |   37,50 |   18,75 |   37,50 |   50,00 |   12,50 |   31,25 |    43,75 |   31,25 | 0,083 


    Classifier | Correct #0 | Correct #1 
---------------+------------+------------
       Bagging |      40,00 |      33,13 
    Clustering |      37,50 |      31,25 
 DecisionTable |      24,38 |      33,13 
           END |      30,00 |      42,50 
           J48 |      31,88 |      34,38 
    LogitBoost |      37,50 |      34,38 
    NaiveBayes |      38,75 |      32,50 
    Regression |      36,25 |      36,25 
RotationForest |      41,25 |      41,25 
           SMO |      41,25 |      31,25 
