Bagging [[19.0, 8.0, 3.0, 10.0], [8.0, 11.0, 12.0, 9.0], [3.0, 13.0, 21.0, 3.0], [16.0, 16.0, 0.0, 8.0]]
Clustering [[18.0, 0.0, 14.0, 8.0], [14.0, 0.0, 22.0, 4.0], [2.0, 0.0, 36.0, 2.0], [22.0, 0.0, 12.0, 6.0]]
DecisionTable [[0.0, 9.0, 8.0, 23.0], [0.0, 9.0, 14.0, 17.0], [0.0, 10.0, 14.0, 16.0], [0.0, 10.0, 6.0, 24.0]]
END [[22.0, 3.0, 2.0, 13.0], [14.0, 4.0, 9.0, 13.0], [5.0, 12.0, 20.0, 3.0], [18.0, 6.0, 0.0, 16.0]]
J48 [[22.0, 1.0, 3.0, 14.0], [11.0, 7.0, 8.0, 14.0], [4.0, 8.0, 24.0, 4.0], [18.0, 5.0, 0.0, 17.0]]
LogitBoost [[15.0, 8.0, 5.0, 12.0], [1.0, 8.0, 18.0, 13.0], [8.0, 6.0, 23.0, 3.0], [17.0, 8.0, 3.0, 12.0]]
NaiveBayes [[25.0, 2.0, 5.0, 8.0], [3.0, 9.0, 16.0, 12.0], [5.0, 5.0, 29.0, 1.0], [13.0, 2.0, 4.0, 21.0]]
Regression [[22.0, 3.0, 6.0, 9.0], [6.0, 0.0, 9.0, 25.0], [4.0, 1.0, 30.0, 5.0], [10.0, 1.0, 7.0, 22.0]]
RotationForest [[19.0, 8.0, 3.0, 10.0], [5.0, 8.0, 14.0, 13.0], [1.0, 14.0, 25.0, 0.0], [18.0, 6.0, 1.0, 15.0]]
SMO [[11.0, 6.0, 6.0, 17.0], [9.0, 6.0, 8.0, 17.0], [10.0, 3.0, 24.0, 3.0], [15.0, 4.0, 4.0, 17.0]]
    Classifier | Test #1 | Test #2 | Test #3 | Test #4 | Test #5 | Test #6 | Test #7 | Test #8 | Test #9 | Test #10 | Correct | Kappa 
---------------+---------+---------+---------+---------+---------+---------+---------+---------+---------+----------+---------+-------
       Bagging |   37,50 |   43,75 |   37,50 |   12,50 |   43,75 |   43,75 |   43,75 |   50,00 |   18,75 |    37,50 |   36,88 | 0,158 
    Clustering |   50,00 |   37,50 |   37,50 |   43,75 |   37,50 |   31,25 |   31,25 |   37,50 |   31,25 |    37,50 |   37,50 | 0,167 
 DecisionTable |   31,25 |   31,25 |   31,25 |   37,50 |   18,75 |   25,00 |   25,00 |   25,00 |   31,25 |    37,50 |   29,38 | 0,058 
           END |   31,25 |   31,25 |   31,25 |   37,50 |   37,50 |   50,00 |   43,75 |   37,50 |   50,00 |    37,50 |   38,75 | 0,183 
           J48 |   43,75 |   37,50 |   62,50 |   62,50 |   50,00 |   37,50 |   25,00 |   43,75 |   37,50 |    37,50 |   43,75 | 0,250 
    LogitBoost |   37,50 |   50,00 |   37,50 |   25,00 |   18,75 |   43,75 |   43,75 |   37,50 |   37,50 |    31,25 |   36,25 | 0,150 
    NaiveBayes |   50,00 |   43,75 |   50,00 |   50,00 |   62,50 |   31,25 |   50,00 |   50,00 |   75,00 |    62,50 |   52,50 | 0,367 
    Regression |   50,00 |   62,50 |   31,25 |   50,00 |   56,25 |   43,75 |   31,25 |   50,00 |   31,25 |    56,25 |   46,25 | 0,283 
RotationForest |   43,75 |   43,75 |   56,25 |   31,25 |   37,50 |   25,00 |   31,25 |   62,50 |   43,75 |    43,75 |   41,88 | 0,225 
           SMO |   43,75 |   43,75 |   43,75 |   37,50 |   37,50 |   37,50 |   50,00 |   25,00 |   25,00 |    18,75 |   36,25 | 0,150 


Bagging [[16.0, 7.0, 4.0, 13.0], [6.0, 18.0, 8.0, 8.0], [6.0, 17.0, 17.0, 0.0], [19.0, 8.0, 3.0, 10.0]]
Clustering [[32.0, 0.0, 0.0, 8.0], [21.0, 1.0, 13.0, 5.0], [15.0, 3.0, 21.0, 1.0], [32.0, 0.0, 0.0, 8.0]]
DecisionTable [[3.0, 2.0, 3.0, 32.0], [0.0, 8.0, 10.0, 22.0], [2.0, 10.0, 18.0, 10.0], [1.0, 4.0, 1.0, 34.0]]
END [[18.0, 4.0, 3.0, 15.0], [10.0, 19.0, 4.0, 7.0], [4.0, 8.0, 20.0, 8.0], [19.0, 9.0, 3.0, 9.0]]
J48 [[10.0, 4.0, 7.0, 19.0], [6.0, 13.0, 11.0, 10.0], [4.0, 10.0, 23.0, 3.0], [17.0, 5.0, 5.0, 13.0]]
LogitBoost [[13.0, 1.0, 5.0, 21.0], [9.0, 12.0, 7.0, 12.0], [9.0, 6.0, 19.0, 6.0], [13.0, 5.0, 7.0, 15.0]]
NaiveBayes [[8.0, 2.0, 0.0, 30.0], [1.0, 19.0, 6.0, 14.0], [1.0, 20.0, 15.0, 4.0], [14.0, 3.0, 0.0, 23.0]]
Regression [[18.0, 2.0, 3.0, 17.0], [6.0, 15.0, 10.0, 9.0], [11.0, 7.0, 19.0, 3.0], [25.0, 5.0, 0.0, 10.0]]
RotationForest [[19.0, 0.0, 4.0, 17.0], [1.0, 21.0, 10.0, 8.0], [3.0, 11.0, 20.0, 6.0], [20.0, 8.0, 1.0, 11.0]]
SMO [[7.0, 4.0, 0.0, 29.0], [4.0, 18.0, 5.0, 13.0], [3.0, 14.0, 16.0, 7.0], [11.0, 8.0, 0.0, 21.0]]
    Classifier | Test #1 | Test #2 | Test #3 | Test #4 | Test #5 | Test #6 | Test #7 | Test #8 | Test #9 | Test #10 | Correct | Kappa 
---------------+---------+---------+---------+---------+---------+---------+---------+---------+---------+----------+---------+-------
       Bagging |   43,75 |   62,50 |   37,50 |   31,25 |   43,75 |   18,75 |   25,00 |   37,50 |   43,75 |    37,50 |   38,13 | 0,175 
    Clustering |   25,00 |   37,50 |   37,50 |   31,25 |   43,75 |   37,50 |   31,25 |   43,75 |   50,00 |    50,00 |   38,75 | 0,183 
 DecisionTable |   31,25 |   37,50 |   37,50 |   50,00 |   43,75 |   37,50 |   31,25 |   50,00 |   37,50 |    37,50 |   39,38 | 0,192 
           END |   31,25 |   31,25 |   68,75 |   43,75 |   18,75 |   37,50 |   50,00 |   37,50 |   50,00 |    43,75 |   41,25 | 0,217 
           J48 |   56,25 |   37,50 |   37,50 |   31,25 |   37,50 |   18,75 |   43,75 |   37,50 |   25,00 |    43,75 |   36,88 | 0,158 
    LogitBoost |   18,75 |   43,75 |   37,50 |   56,25 |   37,50 |   25,00 |   37,50 |   37,50 |   50,00 |    25,00 |   36,88 | 0,158 
    NaiveBayes |   37,50 |   43,75 |   43,75 |   43,75 |   37,50 |   37,50 |   37,50 |   37,50 |   37,50 |    50,00 |   40,63 | 0,208 
    Regression |   31,25 |   56,25 |   43,75 |   43,75 |   37,50 |   43,75 |   31,25 |   37,50 |   18,75 |    43,75 |   38,75 | 0,183 
RotationForest |   43,75 |   31,25 |   50,00 |   31,25 |   56,25 |   43,75 |   56,25 |   31,25 |   56,25 |    43,75 |   44,38 | 0,258 
           SMO |   37,50 |   31,25 |   25,00 |   37,50 |   37,50 |   43,75 |   43,75 |   50,00 |   56,25 |    25,00 |   38,75 | 0,183 


    Classifier | Correct #0 | Correct #1 
---------------+------------+------------
       Bagging |      36,88 |      38,13 
    Clustering |      37,50 |      38,75 
 DecisionTable |      29,38 |      39,38 
           END |      38,75 |      41,25 
           J48 |      43,75 |      36,88 
    LogitBoost |      36,25 |      36,88 
    NaiveBayes |      52,50 |      40,63 
    Regression |      46,25 |      38,75 
RotationForest |      41,88 |      44,38 
           SMO |      36,25 |      38,75 
