class
hv0
hv1
hv2
hv3
hv4
hv5

Bagging
  922    68     1     8     1     0 
   83   807     2    49    37    22 
  135    68   611    72    99    15 
  135   169    67   192   336   101 
   19   120    60   266   389   146 
    1    21     7    29    54   888 
0.623
0.5618
63.48%

DecisionTable
  932    68     0     0     0     0 
   90   850     0    21    23    16 
  140    78   617    31   118    16 
  139   216    62    79   390   114 
   19   172    56   112   460   181 
    1    33     8     6    28   924 
0.625
0.5724
64.37%

IBk
  932    66     0     2     0     0 
   85   815     0    54    23    23 
  137    70   623    58   100    12 
  136   170    61   181   359    93 
   19   121    52   234   423   151 
    1    22     5    18    57   897 
0.633
0.5742
64.52%

J48
  927    66     2     5     0     0 
   85   788     9    47    49    22 
  135    63   597    57   131    17 
  137   158    70   122   423    90 
   21   121    60   154   505   139 
    1    18     6    42    66   867 
0.620
0.5612
63.43%

LogitBoost
  880   118     0     1     1     0 
   65   732    23   145    30     5 
  122    92   536    35   122    93 
  115   181    93   163   394    54 
   18   106   100   171   508    97 
    1     1   103    88    30   777 
0.587
0.5192
59.93%

NaiveBayes
  939    60     0     1     0     0 
   90   695     0   104    27    84 
  136    65   650    32   106    11 
  137   122   148   114   395    84 
   20    89   189   102   482   118 
    1     1   196    28    23   751 
0.587
0.5262
60.52%

ClassificationViaRegression
  933    67     0     0     0     0 
   83   823     0    37    36    21 
  138    71   610    32   127    22 
  135   181    56    75   447   106 
   18   124    49    86   559   164 
    1    27     6     8    40   918 
0.636
0.5836
65.30%

SMO
  954    45     0     0     0     1 
  105   793     0    13     0    89 
  144    57   658     4    33   104 
  144   141   190    18   136   371 
   22   105   244    28   199   402 
    1    51    73   103   129   643 
0.506
0.4530
54.42%

