class
Min
Max
Mean
StandardDeviation
Skewness
Kurtosis

Bagging
  920    60    10     9     0     1 
   92   801     0    33    19    55 
  135    60   609    56    75    65 
  138   120    68   128   265   281 
   17    95    47   171   318   352 
    1    40    13   133   231   582 
0.549
0.4716
55.97%

DecisionTable
  937    60     0     3     0     0 
  100   797     0    32     5    66 
  139    57   611    23    81    89 
  141   140    57    82   263   317 
   18   102    49    92   356   383 
    1    59     4    74   217   645 
0.559
0.4856
57.13%

IBk
  951    46     0     3     0     0 
   93   815     0    23    19    50 
  140    53   610    52    65    80 
  140   141    60   118   248   293 
   18   103    54   148   331   346 
    1    43     8   110   226   612 
0.561
0.4874
57.28%

J48
  899    63    17    19     2     0 
   90   766    19    40    23    62 
  132    51   617    59    75    66 
  129   124    77   146   273   251 
   16    81    71   158   353   321 
    1    51    27   152   216   553 
0.544
0.4668
55.57%

LogitBoost
  907    87     1     3     0     2 
   79   831     0    16     4    70 
  132    63   616    34    76    79 
  131   145    53    74   286   311 
   17   112    47    74   366   384 
    1    49     5    59   215   671 
0.566
0.4930
57.75%

NaiveBayes
  964    36     0     0     0     0 
  159   777     0     0     0    64 
  149    64   634     0    34   119 
  157   163    74     0   166   440 
   20   145    77     0   235   523 
    1   101    12     0   105   781 
0.522
0.4782
56.52%

ClassificationViaRegression
  937    63     0     0     0     0 
   86   833     2    20     0    59 
  140    59   617    28    59    97 
  142   149    58    59   251   341 
   16   117    47    50   364   406 
    1    63     6    12   190   728 
0.580
0.5076
58.97%

SMO
  982    18     0     0     0     0 
  206   723     0     2     0    69 
  154    48   588    11    79   120 
  160   130    43    36   199   432 
   24   111    46    23   260   536 
    1    54     5    15   103   822 
0.568
0.4822
56.85%

