class
hv0
hv1
hv2
hv3
hv4
hv5

Bagging
  545   138   121   109    72    15 
   22   766    41    76    94     1 
  170   192   220   173   166    79 
  117   252   193   167   180    91 
  134   290   171   169   148    88 
   21    11    30    36    22   880 
0.434
0.3452
45.43%

DecisionTable
  538   169   144   104    25    20 
    0   873    35    77    14     1 
  154   264   268   180    62    72 
  104   314   241   193    65    83 
  110   338   249   170    53    80 
   35    11    50    26    19   859 
0.442
0.3568
46.40%

IBk
  565   162   127    76    54    16 
    5   866    36    36    56     1 
  159   232   207   172   130   100 
  128   299   200   153   113   107 
  124   330   203   117   124   102 
   32    12    29    10    22   895 
0.443
0.3620
46.83%

J48
  523   154   179    70    59    15 
   10   857    48    38    45     2 
  155   225   290   120   124    86 
  122   286   254   122   128    88 
  111   317   234   123   131    84 
   30    12    29    26    30   873 
0.445
0.3592
46.60%

LogitBoost
  480   146   169    71    38    96 
    0   831    20    54    95     0 
  202   211   236   160   118    73 
  141   266   249   150   133    61 
  149   281   235   136   143    56 
   71    11    35    17    60   806 
0.422
0.3292
44.10%

NaiveBayes
  686   160    49    72    30     3 
    0   826     3    55   110     6 
  361   217   139   145    71    67 
  273   274   133   152    85    83 
  277   297   119   127    89    91 
  344    10    23     1    12   610 
0.402
0.3004
41.70%

ClassificationViaRegression
  566   170   165    63    19    17 
    0   910    40    34    14     2 
  158   266   296   129    53    98 
  115   316   286   132    41   110 
  124   348   269   118    40   101 
   33    14    23    20    11   899 
0.445
0.3686
47.38%

SMO
  570   160    50    23    53   144 
    0   869    32    25    74     0 
  184   224   161    57   104   270 
  135   284   154    70   122   235 
  138   305   150    78    91   238 
  242    11   246    60    22   419 
0.335
0.2360
36.33%

