class
Min
Max
Mean
StandardDeviation
Skewness
Kurtosis

Bagging
  517   151   127    74    63    68 
   23   788    47    68    73     1 
  150   200   162   185   150   153 
  114   264   163   152   156   151 
  107   280   177   151   133   152 
   81    13    67    59    50   730 
0.391
0.2964
41.37%

DecisionTable
  508   161    43    55    27   206 
    0   879    10    56    55     0 
  139   223    93   124    59   362 
   90   271   102   114    82   341 
  107   295    78   116    76   328 
  123    11    55    22     3   786 
0.379
0.2912
40.93%

IBk
  542   164   101    68    54    71 
   22   869    17    40    51     1 
  153   233   154   165   124   171 
  115   292   162   157   114   160 
  121   296   145   158   120   160 
   90    13    68    39    41   749 
0.404
0.3182
43.18%

J48
  480   146   114   109    76    75 
   44   772    44    57    83     0 
  156   205   181   196   140   122 
  119   263   175   176   132   135 
  125   284   161   189   115   126 
   84    11    97    86    65   657 
0.378
0.2762
39.68%

LogitBoost
  487   177    19    73    12   232 
    0   935     5    33    27     0 
  117   257    22   183    20   401 
   78   323    22   187    27   363 
   85   342    22   158    34   359 
   95    13    18    46     0   828 
0.386
0.2986
41.55%

NaiveBayes
  413   215     0    75    44   253 
    0   976     0     5    19     0 
   99   299     0   222   133   247 
   52   382     0   225   122   219 
   64   393     0   208   125   210 
   96    13     0   298   162   431 
0.322
0.2340
36.17%

ClassificationViaRegression
  542   171   110    55    42    80 
    0   924    18    17    40     1 
  148   251   207   128    65   201 
  103   311   165   138    81   202 
  108   345   178   122    58   189 
   96    14    44    21     9   816 
0.415
0.3370
44.75%

SMO
  427   193     0    70    53   257 
    0   961     0    31     8     0 
   80   284     0   186   121   329 
   47   356     0   183   136   278 
   61   374     0   184   110   271 
   51    13     0   100    86   750 
0.359
0.2862
40.52%

