class
Min
Max
Mean
StandardDeviation
Skewness
Kurtosis

Bagging
  801   167     4    11    10     7 
  223   585     1    33    73    85 
   38    35   785    55    39    48 
   94   158    99   181   194   274 
   40   146    65   180   212   357 
    2    76    14   133   227   548 
0.508
0.4224
51.87%

DecisionTable
  811   157     1     3    17    11 
  262   539     2    11    61   125 
   46    29   781    52    30    62 
   97   157   113   133   132   368 
   36   152    76   124   168   444 
    8    77    19    88   141   667 
0.503
0.4198
51.65%

IBk
  815   161     4     6     7     7 
  238   591     0    29    59    83 
   38    35   790    54    34    49 
   99   179    95   163   200   264 
   34   169    69   175   169   384 
    1    84    17   135   200   563 
0.501
0.4182
51.52%

J48
  771   158    14    28    18    11 
  244   490    14    85    69    98 
   38    29   793    56    32    52 
  103   133   112   166   140   346 
   45   136    79   158   141   441 
   10    73    34   106   125   652 
0.486
0.4026
50.22%

LogitBoost
  798   175     3     6    11     7 
  225   635     0     6    40    94 
   32    42   795    54    21    56 
   91   185   114   140   123   347 
   35   184    76   130   123   452 
    2   105    19    76   131   667 
0.510
0.4316
52.63%

NaiveBayes
    4   980     4     0     0    12 
    0   899     0     0     0   101 
    0    85   758    87    10    60 
    0   342    76   125    66   391 
    0   287    50    97    73   493 
    0   165     8    55    51   721 
0.482
0.3160
43.00%

ClassificationViaRegression
  818   162     2     2     4    12 
  251   614     0     4    17   114 
   43    36   798    43    18    62 
  104   178    95   131    99   393 
   45   177    66   111   112   489 
    2   102    15    59    67   755 
0.526
0.4456
53.80%

SMO
  912    68     4     0     0    16 
  423   458     0     0     0   119 
   43    34   813    11    15    84 
  123   163   116    25    40   533 
   50   181    86    19    39   625 
    5   101    23    15    21   835 
0.498
0.4164
51.37%

