class
hv0
hv1
hv2
hv3
hv4
hv5

Bagging
  777   205     4     8     6     0 
  252   548     1    78    81    40 
   33    41   775    81    46    24 
   86   183    93   280   262    96 
   31   173    70   270   278   178 
    3    32    18    50    81   816 
0.570
0.4948
57.90%

DecisionTable
  810   176     3     6     3     2 
  254   583     0    45    65    53 
   36    42   776    74    43    29 
   85   194   109   242   270   100 
   28   198    70   214   309   181 
    4    28    24    31    97   816 
0.579
0.5072
58.93%

IBk
  810   177     4     3     6     0 
  268   561     0    72    57    42 
   35    40   796    76    33    20 
   90   197    97   263   256    97 
   26   191    67   287   245   184 
    3    33    19    51    77   817 
0.570
0.4984
58.20%

J48
  763   206     5    14    11     1 
  256   540     8    74    86    36 
   34    43   779    68    56    20 
   85   182   103   243   295    92 
   31   174    79   259   272   185 
    5    46    18    46    78   807 
0.557
0.4808
56.73%

LogitBoost
  797   191     3     5     3     1 
  270   563     0   119    38    10 
   33    44   793    53    32    45 
   91   177   162   327   174    69 
   33   179   125   336   195   132 
    2    26    23   168    70   711 
0.556
0.4772
56.43%

NaiveBayes
  846   131     4     8     7     4 
  303   469     3    83    73    69 
   37    30   858    22    35    18 
   95   137   313   144   215    96 
   36   127   256   173   241   167 
    3    18    47    39   125   768 
0.532
0.4652
55.43%

ClassificationViaRegression
  796   190     4     3     6     1 
  248   588     0    50    67    47 
   34    43   788    63    42    30 
   88   202    88   257   248   117 
   25   198    64   268   234   211 
    3    42    22    23    54   856 
0.574
0.5038
58.65%

SMO
  813   165     4     5     5     8 
  260   552     0    42    58    88 
   36    34   847    22    35    26 
   88   174   217   107   250   164 
   29   159   158   128   330   196 
    3    85    47   129   368   368 
0.484
0.4034
50.28%

