    Classifier | Test #1 | Test #2 | Test #3 | Test #4 | Test #5 | Test #6 | Test #7 | Test #8 | Test #9 | Test #10 | Correct | Kappa 
---------------+---------+---------+---------+---------+---------+---------+---------+---------+---------+----------+---------+-------
       Bagging |   48,90 |   47,07 |   45,98 |   47,80 |   49,27 |   47,20 |   49,76 |   49,88 |   48,17 |    48,05 |   48,21 | 0,309 
    Clustering |   33,29 |   33,90 |   32,80 |   32,80 |   34,02 |   33,66 |   34,76 |   36,10 |   32,44 |    33,29 |   33,71 | 0,116 
 DecisionTable |   47,68 |   49,51 |   48,90 |   49,27 |   47,80 |   47,68 |   48,17 |   48,41 |   48,05 |    48,41 |   48,39 | 0,312 
           END |   48,29 |   53,05 |   50,00 |   51,34 |   50,98 |   50,00 |   49,76 |   52,32 |   46,83 |    50,98 |   50,35 | 0,338 
           J48 |   50,37 |   47,80 |   46,95 |   48,17 |   48,66 |   48,29 |   49,51 |   46,59 |   48,17 |    47,56 |   48,21 | 0,309 
    LogitBoost |   47,93 |   49,63 |   49,63 |   50,24 |   46,59 |   50,37 |   50,12 |   48,29 |   47,44 |    50,49 |   49,07 | 0,321 
    NaiveBayes |   48,54 |   48,29 |   50,00 |   52,80 |   50,49 |   49,02 |   50,12 |   48,41 |   49,27 |    50,98 |   49,79 | 0,331 
    Regression |   50,85 |   52,20 |   48,66 |   48,78 |   50,24 |   50,85 |   51,83 |   49,63 |   49,51 |    47,93 |   50,05 | 0,334 
RotationForest |   49,51 |   51,10 |   50,49 |   47,20 |   50,73 |   49,88 |   49,02 |   48,41 |   49,02 |    50,12 |   49,55 | 0,327 
           SMO |   35,73 |   39,88 |   38,41 |   40,73 |   37,93 |   40,85 |   39,63 |   41,34 |   37,44 |    40,00 |   39,20 | 0,189 
           IBk |   43,17 |   42,56 |   43,05 |   40,49 |   46,10 |   43,78 |   42,80 |   41,71 |   42,68 |    40,61 |   42,70 | 0,236 
           IBk |   42,80 |   43,41 |   40,49 |   43,17 |   44,51 |   42,56 |   43,41 |   44,63 |   42,32 |    41,71 |   42,90 | 0,239 
           IBk |   46,95 |   44,51 |   49,15 |   45,73 |   46,34 |   47,56 |   43,54 |   45,73 |   48,66 |    46,46 |   46,46 | 0,286 
           IBk |   46,95 |   47,93 |   47,07 |   48,41 |   47,80 |   49,02 |   49,15 |   48,41 |   47,07 |    47,20 |   47,90 | 0,305 
           IBk |   49,88 |   49,39 |   51,71 |   46,95 |   49,63 |   49,88 |   48,78 |   50,61 |   49,76 |    46,34 |   49,29 | 0,324 
           IBk |   52,07 |   52,44 |   50,49 |   49,15 |   47,68 |   47,32 |   47,93 |   51,46 |   49,76 |    47,93 |   49,62 | 0,328 
           IBk |   50,73 |   46,10 |   49,76 |   50,49 |   54,02 |   51,34 |   51,34 |   47,07 |   51,34 |    48,05 |   50,02 | 0,334 
           IBk |   53,78 |   49,88 |   49,63 |   49,51 |   50,12 |   52,20 |   49,39 |   49,76 |   50,12 |    50,12 |   50,45 | 0,339 
           IBk |   49,88 |   49,15 |   49,76 |   47,07 |   47,32 |   49,76 |   49,76 |   50,49 |   51,71 |    52,20 |   49,71 | 0,329 


    Classifier | Test #1 | Test #2 | Test #3 | Test #4 | Test #5 | Test #6 | Test #7 | Test #8 | Test #9 | Test #10 | Correct | Kappa 
---------------+---------+---------+---------+---------+---------+---------+---------+---------+---------+----------+---------+-------
       Bagging |   47,20 |   46,71 |   43,78 |   44,15 |   44,63 |   47,93 |   46,22 |   45,98 |   47,20 |    45,37 |   45,91 | 0,279 
    Clustering |   36,83 |   35,37 |   34,88 |   35,73 |   36,46 |   35,85 |   34,39 |   35,49 |   36,10 |    36,83 |   35,79 | 0,144 
 DecisionTable |   44,88 |   43,29 |   45,98 |   47,68 |   47,07 |   47,93 |   47,80 |   46,34 |   47,56 |    47,80 |   46,63 | 0,288 
           END |   44,27 |   45,00 |   44,02 |   44,51 |   44,27 |   46,71 |   44,76 |   47,07 |   47,56 |    47,80 |   45,60 | 0,275 
           J48 |   43,05 |   46,22 |   45,49 |   44,39 |   46,34 |   43,54 |   42,93 |   44,88 |   43,05 |    46,95 |   44,68 | 0,262 
    LogitBoost |   48,05 |   46,10 |   46,34 |   45,49 |   46,95 |   47,32 |   50,61 |   48,05 |   48,17 |    46,34 |   47,34 | 0,298 
    NaiveBayes |   39,15 |   42,56 |   42,07 |   40,24 |   40,98 |   41,46 |   42,07 |   38,66 |   43,54 |    41,46 |   41,22 | 0,216 
    Regression |   47,32 |   45,61 |   48,05 |   47,93 |   47,32 |   51,46 |   48,17 |   47,68 |   46,95 |    47,44 |   47,79 | 0,304 
RotationForest |   46,22 |   45,12 |   47,20 |   46,83 |   49,15 |   50,00 |   46,34 |   47,07 |   46,59 |    47,93 |   47,24 | 0,297 
           SMO |   41,59 |   44,27 |   43,54 |   44,15 |   43,66 |   40,61 |   43,05 |   42,93 |   44,63 |    42,32 |   43,07 | 0,241 
           IBk |   39,63 |   41,22 |   37,80 |   37,93 |   37,56 |   40,00 |   40,00 |   38,17 |   40,12 |    40,73 |   39,32 | 0,191 
           IBk |   37,20 |   35,49 |   37,32 |   40,37 |   34,63 |   37,80 |   36,59 |   37,56 |   39,63 |    40,12 |   37,67 | 0,169 
           IBk |   42,07 |   39,15 |   40,12 |   38,05 |   42,56 |   43,29 |   38,05 |   40,98 |   40,00 |    41,59 |   40,59 | 0,208 
           IBk |   43,05 |   43,41 |   43,66 |   44,27 |   45,49 |   42,80 |   43,29 |   43,66 |   46,95 |    44,39 |   44,10 | 0,255 
           IBk |   44,76 |   45,73 |   44,51 |   47,80 |   47,32 |   44,76 |   45,73 |   43,90 |   44,88 |    46,34 |   45,57 | 0,274 
           IBk |   47,68 |   46,95 |   45,73 |   48,41 |   45,37 |   46,71 |   47,44 |   49,15 |   46,34 |    47,93 |   47,17 | 0,296 
           IBk |   51,22 |   45,00 |   49,63 |   46,46 |   47,68 |   47,32 |   48,41 |   45,00 |   47,56 |    48,05 |   47,63 | 0,302 
           IBk |   47,07 |   47,80 |   45,24 |   47,80 |   48,66 |   47,32 |   47,32 |   46,10 |   46,46 |    47,44 |   47,12 | 0,295 
           IBk |   46,71 |   45,12 |   45,37 |   45,73 |   49,88 |   45,85 |   47,56 |   45,73 |   47,93 |    45,73 |   46,56 | 0,287 


    Classifier | Test #1 | Test #2 | Test #3 | Test #4 | Test #5 | Test #6 | Test #7 | Test #8 | Test #9 | Test #10 | Correct | Kappa 
---------------+---------+---------+---------+---------+---------+---------+---------+---------+---------+----------+---------+-------
       Bagging |   51,59 |   52,44 |   50,49 |   49,63 |   50,73 |   50,61 |   48,54 |   48,05 |   51,95 |    48,66 |   50,27 | 0,337 
    Clustering |   40,00 |   38,66 |   38,78 |   40,73 |   40,98 |   39,15 |   39,88 |   39,15 |   40,49 |    38,17 |   39,60 | 0,195 
 DecisionTable |   50,98 |   47,07 |   50,12 |   48,78 |   49,27 |   50,12 |   47,93 |   48,41 |   49,63 |    52,80 |   49,51 | 0,327 
           END |   50,12 |   46,59 |   50,24 |   51,83 |   48,17 |   50,49 |   50,73 |   51,83 |   49,76 |    51,71 |   50,15 | 0,335 
           J48 |   47,93 |   46,59 |   45,00 |   49,39 |   46,71 |   44,27 |   46,46 |   46,22 |   45,49 |    47,93 |   46,60 | 0,288 
    LogitBoost |   49,88 |   49,02 |   53,17 |   50,12 |   51,59 |   52,32 |   48,05 |   53,29 |   50,24 |    50,12 |   50,78 | 0,344 
    NaiveBayes |   47,80 |   45,49 |   45,98 |   43,54 |   46,95 |   44,51 |   46,71 |   47,07 |   44,88 |    45,49 |   45,84 | 0,278 
    Regression |   50,49 |   51,71 |   52,32 |   50,12 |   51,83 |   48,41 |   49,51 |   49,76 |   52,20 |    51,83 |   50,82 | 0,344 
RotationForest |   51,46 |   52,56 |   50,98 |   52,56 |   51,46 |   51,46 |   54,15 |   48,90 |   50,00 |    49,02 |   51,26 | 0,350 
           SMO |   48,78 |   50,85 |   51,46 |   49,51 |   52,93 |   47,20 |   54,15 |   49,51 |   49,39 |    51,83 |   50,56 | 0,341 
           IBk |   41,83 |   44,51 |   45,24 |   42,80 |   45,00 |   44,02 |   42,93 |   45,24 |   45,12 |    44,76 |   44,15 | 0,255 
           IBk |   45,98 |   42,80 |   45,37 |   44,39 |   44,76 |   42,07 |   44,63 |   43,54 |   43,78 |    43,66 |   44,10 | 0,255 
           IBk |   46,95 |   46,83 |   50,85 |   48,78 |   46,83 |   48,54 |   48,54 |   47,32 |   46,59 |    47,93 |   47,91 | 0,306 
           IBk |   47,68 |   51,46 |   48,78 |   48,54 |   49,63 |   47,56 |   47,44 |   48,05 |   50,12 |    49,63 |   48,89 | 0,319 
           IBk |   47,56 |   48,66 |   48,17 |   51,59 |   48,17 |   47,80 |   49,63 |   49,76 |   46,71 |    49,02 |   48,71 | 0,316 
           IBk |   50,73 |   51,22 |   50,61 |   50,24 |   52,56 |   49,88 |   50,24 |   53,05 |   48,66 |    52,20 |   50,94 | 0,346 
           IBk |   54,02 |   51,46 |   49,88 |   52,44 |   51,10 |   50,98 |   49,88 |   50,85 |   51,22 |    54,27 |   51,61 | 0,355 
           IBk |   51,34 |   52,80 |   52,20 |   49,63 |   50,49 |   49,15 |   51,95 |   50,49 |   51,71 |    52,80 |   51,26 | 0,350 
           IBk |   51,10 |   51,83 |   50,98 |   50,98 |   50,49 |   52,80 |   50,37 |   51,59 |   52,68 |    52,32 |   51,51 | 0,353 


    Classifier | Test #1 | Test #2 | Test #3 | Test #4 | Test #5 | Test #6 | Test #7 | Test #8 | Test #9 | Test #10 | Correct | Kappa 
---------------+---------+---------+---------+---------+---------+---------+---------+---------+---------+----------+---------+-------
       Bagging |   51,71 |   53,41 |   52,80 |   48,90 |   51,46 |   50,12 |   52,93 |   51,71 |   49,27 |    50,12 |   51,24 | 0,350 
    Clustering |   40,73 |   40,37 |   40,98 |   39,39 |   40,85 |   41,34 |   40,00 |   39,88 |   40,61 |    40,37 |   40,45 | 0,206 
 DecisionTable |   48,66 |   49,02 |   50,73 |   50,37 |   45,24 |   49,88 |   48,78 |   46,95 |   47,80 |    49,76 |   48,72 | 0,316 
           END |   47,20 |   44,15 |   46,22 |   45,85 |   46,10 |   49,39 |   45,00 |   49,15 |   46,59 |    47,80 |   46,74 | 0,290 
           J48 |   45,98 |   45,12 |   45,37 |   43,90 |   45,85 |   44,02 |   47,07 |   45,24 |   43,66 |    43,90 |   45,01 | 0,267 
    LogitBoost |   49,39 |   51,22 |   47,68 |   52,56 |   51,83 |   51,71 |   50,98 |   50,85 |   51,95 |    51,22 |   50,94 | 0,346 
    NaiveBayes |   47,68 |   46,71 |   46,59 |   46,71 |   45,49 |   47,07 |   46,83 |   46,10 |   48,17 |    47,20 |   46,85 | 0,291 
    Regression |   51,83 |   49,39 |   50,12 |   48,54 |   49,27 |   50,85 |   48,17 |   50,61 |   49,51 |    48,66 |   49,70 | 0,329 
RotationForest |   50,73 |   51,34 |   46,95 |   46,95 |   47,93 |   50,85 |   46,71 |   52,07 |   48,66 |    51,10 |   49,33 | 0,324 
           SMO |   48,05 |   50,24 |   49,27 |   48,66 |   50,61 |   49,27 |   50,24 |   49,88 |   50,61 |    48,90 |   49,57 | 0,328 
           IBk |   44,63 |   42,80 |   41,83 |   43,17 |   46,10 |   44,76 |   40,85 |   41,34 |   42,56 |    42,93 |   43,10 | 0,241 
           IBk |   44,39 |   43,05 |   43,05 |   43,41 |   43,78 |   42,56 |   42,44 |   43,29 |   42,80 |    41,83 |   43,06 | 0,241 
           IBk |   44,39 |   46,95 |   45,12 |   46,34 |   46,83 |   48,17 |   48,05 |   44,39 |   46,95 |    46,59 |   46,38 | 0,285 
           IBk |   45,37 |   47,56 |   48,05 |   49,02 |   50,12 |   50,12 |   48,05 |   48,41 |   50,00 |    49,02 |   48,57 | 0,314 
           IBk |   49,51 |   50,00 |   49,39 |   49,15 |   51,71 |   50,24 |   50,85 |   50,73 |   52,32 |    53,05 |   50,70 | 0,343 
           IBk |   51,22 |   49,15 |   50,98 |   49,63 |   51,83 |   48,66 |   50,85 |   48,66 |   48,17 |    48,29 |   49,74 | 0,330 
           IBk |   50,61 |   52,56 |   50,12 |   53,41 |   53,29 |   51,71 |   50,49 |   51,22 |   48,29 |    48,78 |   51,05 | 0,347 
           IBk |   49,39 |   53,41 |   54,15 |   55,00 |   51,71 |   50,98 |   52,20 |   51,83 |   50,73 |    50,49 |   51,99 | 0,360 
           IBk |   52,20 |   53,90 |   49,02 |   51,71 |   52,44 |   53,54 |   49,88 |   50,12 |   51,83 |    51,59 |   51,62 | 0,355 


    Classifier | Correct #0 | Correct #1 | Correct #2 | Correct #3 
---------------+------------+------------+------------+------------
       Bagging |      48,21 |      45,91 |      50,27 |      51,24 
    Clustering |      33,71 |      35,79 |      39,60 |      40,45 
 DecisionTable |      48,39 |      46,63 |      49,51 |      48,72 
           END |      50,35 |      45,60 |      50,15 |      46,74 
           J48 |      48,21 |      44,68 |      46,60 |      45,01 
    LogitBoost |      49,07 |      47,34 |      50,78 |      50,94 
    NaiveBayes |      49,79 |      41,22 |      45,84 |      46,85 
    Regression |      50,05 |      47,79 |      50,82 |      49,70 
RotationForest |      49,55 |      47,24 |      51,26 |      49,33 
           SMO |      39,20 |      43,07 |      50,56 |      49,57 
           IBk |      42,70 |      39,32 |      44,15 |      43,10 
           IBk |      42,90 |      37,67 |      44,10 |      43,06 
           IBk |      46,46 |      40,59 |      47,91 |      46,38 
           IBk |      47,90 |      44,10 |      48,89 |      48,57 
           IBk |      49,29 |      45,57 |      48,71 |      50,70 
           IBk |      49,62 |      47,17 |      50,94 |      49,74 
           IBk |      50,02 |      47,63 |      51,61 |      51,05 
           IBk |      50,45 |      47,12 |      51,26 |      51,99 
           IBk |      49,71 |      46,56 |      51,51 |      51,62 
