LAbsMin
CayleyDistanceMin
CanberraDistanceMin
KendallTauMin
LevenshteinDistanceMin
LSquareMin
CayleyDistanceStandardDeviation
LevenshteinDistanceKurtosis
LAbsStandardDeviation
CanberraDistanceStandardDeviation
class

Bagging
  910    81     1     8     0     0 
  108   770     1    55    51    15 
  133    78   615    57   105    12 
  130   169    60   200   356    85 
   18   121    57   232   440   132 
    1    13     7    30    58   891 
0.629
0.5652
63.77%

DecisionTable
  924    76     0     0     0     0 
  131   727     1    38    85    18 
  137    99   592    23   125    24 
  139   198    66    71   417   109 
   20   152    53    98   519   158 
    7    14    10    20    62   887 
0.604
0.5440
62.00%

IBk
  930    69     0     1     0     0 
  119   778     0    52    38    13 
  136    71   621    69    92    11 
  138   175    61   191   342    93 
   18   115    58   233   438   138 
    1    12    10    30    46   901 
0.632
0.5718
64.32%

J48
  830    98    30    36     5     1 
  103   668    48   109    59    13 
  122    72   603    79   110    14 
  114   135    98   216   358    79 
   16    91   107   208   454   124 
    1    19    10    42    81   847 
0.594
0.5236
60.30%

LogitBoost
  914    83     0     2     1     0 
  105   778     1     9    90    17 
  136    87   588    12   163    14 
  135   203    70    31   465    96 
   18   155    69    34   570   154 
    1     7    21     6    62   903 
0.614
0.5568
63.07%

NaiveBayes
  976    23     0     0     1     0 
  263   607     0    36    83    11 
  155   102   605    27    66    45 
  163   252    85    88   289   123 
   27   228    87   107   363   188 
    1     2     3     2    80   912 
0.575
0.5102
59.18%

ClassificationViaRegression
  911    88     0     0     1     0 
  113   799     1    16    54    17 
  132    84   602    21   148    13 
  133   183    55    58   466   105 
   19   124    43    79   591   144 
    1    18     4     6    54   917 
0.632
0.5756
64.63%

SMO
  958    42     0     0     0     0 
  175   744     0    24    39    18 
  147    67   627    30   114    15 
  151   179    93    69   406   102 
   23   134   102    80   520   141 
    1    13     6     0    63   917 
0.620
0.5670
63.92%

