LAbsMin
KendallTauMin
LSquareMin
CanberraDistanceMin
LAbsMean
KendallTauMean
LSquareMean
LMaxMin
CanberraDistanceMean
LAbsMax
class

Bagging
  892   101     3     3     1     0 
  123   762     5    57    28    25 
  126    70   612    80   104     8 
  123   152    64   224   348    89 
   19    92    54   246   459   130 
    1    26     4    32    42   895 
0.633
0.5688
64.07%

DecisionTable
  900    97     1     1     1     0 
  148   735     3    65    20    29 
  147    54   612    48   122    17 
  131   137    66   157   397   112 
   22    91    56   170   500   161 
    8    21     4    22    75   870 
0.619
0.5548
62.90%

IBk
  913    86     0     1     0     0 
  147   751     2    45    23    32 
  139    64   617    67    98    15 
  131   155    64   212   345    93 
   21   105    53   226   450   145 
    1    23     6    20    39   911 
0.633
0.5708
64.23%

J48
  791   124    37    47     1     0 
  115   660    50    97    48    30 
  106    68   621    64   132     9 
   99   145    91   184   400    81 
   15    87    92   170   525   111 
    0    29    10    45    72   844 
0.595
0.5250
60.42%

LogitBoost
  888   109     0     3     0     0 
  123   784     0    40    33    20 
  124    72   608    71   106    19 
  125   152    54   158   415    96 
   19   101    44   166   520   150 
    1    40     3    33    53   870 
0.629
0.5656
63.80%

NaiveBayes
  936    63     0     1     0     0 
  192   721     0    52    20    15 
  145    61   645    40    87    22 
  144   153   106    95   351   151 
   24   114   117    85   441   219 
    1    17    57    19    45   861 
0.596
0.5398
61.65%

ClassificationViaRegression
  913    86     0     1     0     0 
  120   787     1    39    23    30 
  128    72   619    62   100    19 
  128   162    70   191   350    99 
   21   101    53   171   501   153 
    1    25     3    16    25   930 
0.647
0.5882
65.68%

SMO
  930    68     0     2     0     0 
  171   731     0    45    20    33 
  140    57   611    41   133    18 
  140   137    97   111   423    92 
   22   106   112    99   517   144 
    1    25     6     0    43   925 
0.622
0.5650
63.75%

