CanberraDistanceKurtosis
LevenshteinDistanceSkewness
LevenshteinDistanceKurtosis
CanberraDistanceStandardDeviation
LSquareKurtosis
CanberraDistanceMin
LMaxMin
LMaxKurtosis
LSquareStandardDeviation
LSquareMin
class

Bagging
  546   174   119    78    68    15 
   15   789    49    75    71     1 
  151   214   214   174   160    87 
  115   271   174   172   174    94 
  123   288   171   159   160    99 
   19    10    31    14    28   898 
0.443
0.3558
46.32%

DecisionTable
  573   208    74    92    27    26 
    5   892    29    63    11     0 
  181   292   164   208    58    97 
  119   346   156   207    66   106 
  127   361   140   209    66    97 
   31    11    36    23    12   887 
0.441
0.3578
46.48%

IBk
  565   176   130    69    47    13 
    5   830    38    75    52     0 
  163   235   248   152   120    82 
  118   288   216   176   108    94 
  125   303   198   179   102    93 
   22    11    37    20    14   896 
0.447
0.3634
46.95%

J48
  489    98   148   126   119    20 
   98   488   120   140   149     5 
  207   141   220   193   169    70 
  154   171   210   203   194    68 
  168   163   202   183   198    86 
   27    11    50    45    47   820 
0.396
0.2836
40.30%

LogitBoost
  585   211    51    71    64    18 
    6   876    12    65    40     1 
  179   275   133   153   170    90 
  129   328   127   172   150    94 
  119   336   131   155   169    90 
   23    10    31    16    33   887 
0.447
0.3644
47.03%

NaiveBayes
  591   276    75    29     4    25 
    0   948     3    41     8     0 
  205   442   130    76    26   121 
  161   503   100    85    28   123 
  160   489   108    84    41   118 
   14    13    25     7    18   923 
0.431
0.3436
45.30%

ClassificationViaRegression
  585   197   105    56    33    24 
    2   920    30    33    14     1 
  185   265   256   115    75   104 
  137   339   235   102    78   109 
  132   358   242    84    71   113 
   26    14    28     2    17   913 
0.444
0.3694
47.45%

SMO
  557   219    69    69    65    21 
    0   943     0    19    38     0 
  136   308   123   139   191   103 
   93   382    94   125   198   108 
   99   389   104   120   180   108 
   19    13    22     7    23   916 
0.451
0.3688
47.40%

