CanberraDistanceStandardDeviation
CanberraDistanceMin
LMaxMin
LSquareStandardDeviation
LSquareMin
LAbsMin
KendallTauMin
LAbsStandardDeviation
LMaxStandardDeviation
KendallTauStandardDeviation
class

Bagging
  550   152    96    87    88    27 
   16   765    49    79    89     2 
  144   195   205   199   163    94 
  115   235   220   185   152    93 
  115   264   175   185   164    97 
   23     9    35    22    20   891 
0.440
0.3520
46.00%

DecisionTable
  533   167    98   137    48    17 
   13   823    35   103    25     1 
  153   216   155   261   118    97 
  103   289   163   248   103    94 
  111   317   145   211   116   100 
   47     6    43    19    34   851 
0.435
0.3452
45.43%

IBk
  569   171   116    68    57    19 
   11   844    40    62    42     1 
  156   236   188   190   137    93 
  118   274   191   185   133    99 
  127   308   192   159   124    90 
   28     8    27    22    30   885 
0.442
0.3590
46.58%

J48
  522    89   159   105   104    21 
   86   509   128   121   154     2 
  204   131   224   181   166    94 
  162   157   227   190   184    80 
  136   185   204   192   199    84 
   26    10    53    43    38   830 
0.403
0.2948
41.23%

LogitBoost
  608   169    44    91    68    20 
   11   831    10    98    46     4 
  217   228    91   173   193    98 
  165   288    70   188   187   102 
  144   304    81   179   186   106 
   35     5    24    23    29   884 
0.439
0.3576
46.47%

NaiveBayes
  598   241    42    62    11    46 
    0   916     3    62    16     3 
  184   355    85   163    41   172 
  137   414    67   176    43   163 
  136   414    78   170    39   163 
   37    10    14     7     3   929 
0.426
0.3486
45.72%

ClassificationViaRegression
  572   169   109   106    19    25 
    0   887    30    73     8     2 
  163   229   211   233    47   117 
  120   287   214   221    41   117 
  108   321   227   178    51   115 
   27     9    30     7    10   917 
0.451
0.3718
47.65%

SMO
  590   191    40    64    90    25 
    0   915     0    22    61     2 
  164   272    67   124   243   130 
  120   334    60   134   228   124 
  117   346    57   119   236   125 
   32    10     8     3    34   913 
0.449
0.3710
47.58%

