CayleyDistanceMin
CanberraDistanceMin
LAbsMin
LevenshteinDistanceMin
KendallTauMin
LSquareMin
LSquareStandardDeviation
CayleyDistanceMean
CayleyDistanceMax
CanberraDistanceKurtosis
class

Bagging
  790   186     4     7    13     0 
  254   553     1    67    95    30 
   32    40   778    86    44    20 
   83   173    86   291   273    94 
   36   153    54   268   318   171 
    5    28    17    45    85   820 
0.584
0.5100
59.17%

DecisionTable
  837   144     3     3    11     2 
  285   546     0    38   105    26 
   38    39   789    71    40    23 
   92   187    94   252   276    99 
   30   192    65   215   321   177 
    6    38    24    15   106   811 
0.583
0.5112
59.27%

IBk
  798   183     4     5    10     0 
  275   582     0    57    60    26 
   33    45   791    74    35    22 
   89   205   100   274   231   101 
   31   196    63   300   237   173 
    4    28    23    30    72   843 
0.576
0.5050
58.75%

J48
  729   187    15    43    25     1 
  266   442    28   131   101    32 
   38    35   747   104    52    24 
   89   161   112   274   276    88 
   44   129    80   286   295   166 
    4    35    27    73    86   775 
0.537
0.4524
54.37%

LogitBoost
  819   168     3     4     5     1 
  287   594     0    35    68    16 
   37    46   793    63    37    24 
   97   220    95   281   232    75 
   39   210    62   268   268   153 
    5    35    11    33   102   814 
0.586
0.5138
59.48%

NaiveBayes
  880   109     3     7     0     1 
  461   451     0    38    46     4 
   42    47   824    48    22    17 
  118   215   146   209   216    96 
   55   221    99   183   266   176 
    3    29    26    13   161   768 
0.554
0.4796
56.63%

ClassificationViaRegression
  816   169     3     4     7     1 
  271   569     2    39    85    34 
   36    37   794    51    61    21 
   92   186    93   199   330   100 
   30   174    59   200   360   177 
    4    23    20    21    79   853 
0.587
0.5182
59.85%

SMO
  880   106     3    10     0     1 
  386   487     0    69    40    18 
   41    40   810    58    28    23 
  111   180   128   303   184    94 
   45   185    92   307   195   176 
    3    29    13    15    99   841 
0.570
0.5032
58.60%

