CanberraDistanceMin
LAbsMin
KendallTauMin
LSquareMin
LMaxMin
LAbsMean
CanberraDistanceMean
LMaxStandardDeviation
KendallTauMean
CanberraDistanceMax
class

Bagging
  759   191     3    25    17     5 
  251   592     1    53    69    34 
   27    36   787    81    49    20 
   95   120    90   329   279    87 
   52    99    60   289   331   169 
    4    38    19    42    51   846 
0.600
0.5288
60.73%

DecisionTable
  819   142     1    21    10     7 
  399   429     1    60    63    48 
   44    28   791    71    46    20 
  109   111    99   266   288   127 
   50   119    60   259   305   207 
   17    46    16    46    41   834 
0.564
0.4888
57.40%

IBk
  784   173     4    15    20     4 
  349   504     0    46    61    40 
   34    35   789    74    43    25 
  108   119    92   317   262   102 
   51   126    62   305   272   184 
    6    34    17    46    44   853 
0.577
0.5038
58.65%

J48
  640   229    13    80    33     5 
  267   483    27    92    91    40 
   27    43   769    82    62    17 
  102   109   112   271   329    77 
   56    86    82   292   335   149 
    7    39    19    65   120   750 
0.537
0.4496
54.13%

LogitBoost
  785   180     3     8    19     5 
  307   570     0    42    49    32 
   30    40   799    67    44    20 
   94   147   101   264   263   131 
   43   145    72   265   266   209 
    5    33    14    55    62   831 
0.574
0.5030
58.58%

NaiveBayes
  745   233     4     1    15     2 
  403   499     0     3    83    12 
   31    52   835     4    63    15 
   96   188   157    10   419   130 
   34   204   114    17   415   216 
    3    51    78     8   163   697 
0.509
0.4402
53.35%

ClassificationViaRegression
  777   176     3    21    19     4 
  240   606     5    55    58    36 
   29    37   791    66    49    28 
  112    99   101   261   319   108 
   55    92    70   285   312   186 
    7    36    17    31    28   881 
0.593
0.5256
60.47%

SMO
  821   145     4    23     3     4 
  374   501     0    68    21    36 
   36    35   808    66    26    29 
  117   123   134   355   170   101 
   54   127    96   321   226   176 
    4    35    17    18    61   865 
0.585
0.5152
59.60%

