Bagging [[1640.0, 571.0, 231.0, 1658.0], [580.0, 2410.0, 418.0, 692.0], [402.0, 391.0, 3033.0, 274.0], [1594.0, 535.0, 219.0, 1752.0]]
Clustering [[844.0, 515.0, 1356.0, 1385.0], [850.0, 515.0, 1331.0, 1404.0], [354.0, 236.0, 2904.0, 606.0], [877.0, 543.0, 1242.0, 1438.0]]
DecisionTable [[1394.0, 587.0, 227.0, 1892.0], [487.0, 2498.0, 402.0, 713.0], [456.0, 440.0, 2921.0, 283.0], [1327.0, 593.0, 181.0, 1999.0]]
END [[1551.0, 823.0, 175.0, 1551.0], [468.0, 2679.0, 370.0, 583.0], [388.0, 498.0, 2912.0, 302.0], [1519.0, 768.0, 141.0, 1672.0]]
IBk [[1674.0, 641.0, 199.0, 1586.0], [638.0, 2526.0, 376.0, 560.0], [459.0, 459.0, 2939.0, 243.0], [1816.0, 558.0, 181.0, 1545.0]]
J48 [[1143.0, 692.0, 210.0, 2055.0], [462.0, 2530.0, 364.0, 744.0], [354.0, 503.0, 2883.0, 360.0], [1098.0, 660.0, 171.0, 2171.0]]
LogitBoost [[1373.0, 887.0, 278.0, 1562.0], [339.0, 2593.0, 542.0, 626.0], [351.0, 335.0, 3141.0, 273.0], [1348.0, 890.0, 225.0, 1637.0]]
NaiveBayes [[1191.0, 688.0, 166.0, 2055.0], [415.0, 2055.0, 595.0, 1035.0], [399.0, 422.0, 3013.0, 266.0], [1076.0, 661.0, 108.0, 2255.0]]
Regression [[1330.0, 657.0, 310.0, 1803.0], [392.0, 2576.0, 425.0, 707.0], [362.0, 455.0, 3012.0, 271.0], [1358.0, 596.0, 210.0, 1936.0]]
RotationForest [[1092.0, 447.0, 251.0, 2310.0], [329.0, 2256.0, 441.0, 1074.0], [394.0, 416.0, 2982.0, 308.0], [1073.0, 388.0, 187.0, 2452.0]]
SMO [[1035.0, 2110.0, 262.0, 693.0], [595.0, 1433.0, 1041.0, 1031.0], [363.0, 384.0, 3244.0, 109.0], [1010.0, 2219.0, 198.0, 673.0]]
    Classifier | Test #1 | Test #2 | Test #3 | Test #4 | Test #5 | Test #6 | Test #7 | Test #8 | Test #9 | Test #10 | Correct | Kappa 
---------------+---------+---------+---------+---------+---------+---------+---------+---------+---------+----------+---------+-------
       Bagging |   54,57 |   54,33 |   54,63 |   54,76 |   53,90 |   52,93 |   53,84 |   54,15 |   52,01 |    53,60 |   53,87 | 0,385 
    Clustering |   35,55 |   35,12 |   35,61 |   34,27 |   32,56 |   34,45 |   35,12 |   34,63 |   34,45 |    35,85 |   34,76 | 0,130 
 DecisionTable |   51,65 |   52,93 |   53,72 |   54,88 |   51,89 |   55,98 |   53,84 |   52,87 |   54,27 |    55,30 |   53,73 | 0,383 
           END |   52,68 |   53,84 |   53,66 |   55,06 |   52,87 |   52,68 |   54,82 |   53,41 |   53,17 |    55,24 |   53,74 | 0,383 
           IBk |   52,07 |   52,13 |   52,93 |   53,23 |   52,99 |   53,35 |   54,45 |   53,17 |   52,13 |    53,05 |   52,95 | 0,373 
           J48 |   55,12 |   55,79 |   52,38 |   51,46 |   52,80 |   52,68 |   52,80 |   53,05 |   53,54 |    52,50 |   53,21 | 0,376 
    LogitBoost |   53,29 |   53,72 |   52,44 |   52,99 |   53,78 |   53,29 |   52,99 |   53,84 |   52,50 |    54,33 |   53,32 | 0,378 
    NaiveBayes |   53,11 |   51,40 |   51,59 |   53,29 |   51,16 |   50,49 |   51,59 |   51,04 |   52,32 |    53,17 |   51,91 | 0,359 
    Regression |   52,20 |   54,33 |   54,09 |   52,20 |   55,43 |   55,85 |   54,94 |   53,23 |   52,56 |    55,06 |   53,99 | 0,387 
RotationForest |   53,66 |   53,84 |   53,29 |   54,33 |   53,05 |   54,39 |   53,96 |   53,66 |   52,26 |    53,05 |   53,55 | 0,381 
           SMO |   37,20 |   34,45 |   37,20 |   40,00 |   40,00 |   38,96 |   40,06 |   43,54 |   33,54 |    44,39 |   38,93 | 0,186 


Bagging [[1709.0, 528.0, 205.0, 1658.0], [534.0, 2619.0, 377.0, 570.0], [386.0, 431.0, 2975.0, 308.0], [1692.0, 511.0, 171.0, 1726.0]]
Clustering [[4096.0, 0.0, 4.0, 0.0], [3159.0, 0.0, 941.0, 0.0], [1815.0, 0.0, 2285.0, 0.0], [4096.0, 0.0, 4.0, 0.0]]
DecisionTable [[1773.0, 506.0, 248.0, 1573.0], [527.0, 2473.0, 371.0, 729.0], [467.0, 520.0, 2824.0, 289.0], [1716.0, 485.0, 179.0, 1720.0]]
END [[1015.0, 550.0, 253.0, 2282.0], [369.0, 2575.0, 430.0, 726.0], [278.0, 448.0, 2987.0, 387.0], [1050.0, 578.0, 185.0, 2287.0]]
IBk [[1829.0, 434.0, 192.0, 1645.0], [600.0, 2579.0, 355.0, 566.0], [458.0, 399.0, 2954.0, 289.0], [1883.0, 427.0, 131.0, 1659.0]]
J48 [[1421.0, 711.0, 376.0, 1592.0], [636.0, 2288.0, 484.0, 692.0], [402.0, 512.0, 2840.0, 346.0], [1523.0, 685.0, 321.0, 1571.0]]
LogitBoost [[1505.0, 421.0, 181.0, 1993.0], [488.0, 2432.0, 416.0, 764.0], [409.0, 446.0, 2880.0, 365.0], [1451.0, 428.0, 145.0, 2076.0]]
NaiveBayes [[1331.0, 236.0, 8.0, 2525.0], [477.0, 1165.0, 273.0, 2185.0], [556.0, 1008.0, 2287.0, 249.0], [1139.0, 156.0, 13.0, 2792.0]]
Regression [[1630.0, 611.0, 305.0, 1554.0], [431.0, 2803.0, 388.0, 478.0], [353.0, 410.0, 3060.0, 277.0], [1624.0, 631.0, 208.0, 1637.0]]
RotationForest [[1621.0, 508.0, 229.0, 1742.0], [525.0, 2570.0, 375.0, 630.0], [394.0, 420.0, 2987.0, 299.0], [1628.0, 537.0, 186.0, 1749.0]]
SMO [[932.0, 655.0, 175.0, 2338.0], [209.0, 2614.0, 345.0, 932.0], [392.0, 438.0, 2984.0, 286.0], [870.0, 631.0, 125.0, 2474.0]]
    Classifier | Test #1 | Test #2 | Test #3 | Test #4 | Test #5 | Test #6 | Test #7 | Test #8 | Test #9 | Test #10 | Correct | Kappa 
---------------+---------+---------+---------+---------+---------+---------+---------+---------+---------+----------+---------+-------
       Bagging |   54,33 |   53,84 |   55,30 |   56,59 |   56,04 |   54,76 |   55,30 |   54,45 |   55,91 |    54,02 |   55,05 | 0,401 
    Clustering |   38,96 |   38,72 |   38,78 |   39,39 |   38,96 |   38,96 |   38,29 |   39,33 |   38,78 |    38,90 |   38,91 | 0,185 
 DecisionTable |   56,04 |   53,35 |   52,38 |   52,99 |   54,02 |   50,61 |   53,23 |   54,70 |   55,43 |    53,23 |   53,60 | 0,381 
           END |   55,24 |   52,44 |   52,20 |   54,21 |   55,55 |   55,73 |   53,35 |   54,02 |   53,17 |    54,57 |   54,05 | 0,387 
           IBk |   52,80 |   54,76 |   54,21 |   54,51 |   57,68 |   54,57 |   57,01 |   55,91 |   53,29 |    55,30 |   55,01 | 0,400 
           J48 |   50,00 |   50,73 |   47,80 |   49,57 |   50,73 |   48,96 |   48,60 |   52,01 |   47,93 |    48,78 |   49,51 | 0,327 
    LogitBoost |   54,39 |   55,30 |   52,13 |   54,21 |   54,27 |   54,27 |   54,63 |   57,32 |   53,35 |    52,38 |   54,23 | 0,390 
    NaiveBayes |   44,51 |   45,79 |   46,65 |   47,56 |   46,28 |   47,80 |   44,51 |   46,71 |   46,40 |    45,67 |   46,19 | 0,283 
    Regression |   57,56 |   56,77 |   53,72 |   56,77 |   54,82 |   55,79 |   54,09 |   56,28 |   55,37 |    55,55 |   55,67 | 0,409 
RotationForest |   55,85 |   52,99 |   55,18 |   53,23 |   54,45 |   53,17 |   54,70 |   54,45 |   55,12 |    55,18 |   54,43 | 0,392 
           SMO |   55,67 |   54,82 |   54,88 |   55,30 |   56,10 |   54,76 |   54,76 |   54,15 |   54,33 |    54,27 |   54,90 | 0,399 


    Classifier | Correct #0 | Correct #1 
---------------+------------+------------
       Bagging |      53,87 |      55,05 
    Clustering |      34,76 |      38,91 
 DecisionTable |      53,73 |      53,60 
           END |      53,74 |      54,05 
           IBk |      52,95 |      55,01 
           J48 |      53,21 |      49,51 
    LogitBoost |      53,32 |      54,23 
    NaiveBayes |      51,91 |      46,19 
    Regression |      53,99 |      55,67 
RotationForest |      53,55 |      54,43 
           SMO |      38,93 |      54,90 
