Bagging [[1229.0, 710.0, 979.0, 1182.0], [558.0, 2525.0, 484.0, 533.0], [952.0, 589.0, 1497.0, 1062.0], [1190.0, 605.0, 1082.0, 1223.0]]
Clustering [[0.0, 1203.0, 2897.0, 0.0], [0.0, 2605.0, 1495.0, 0.0], [0.0, 975.0, 3125.0, 0.0], [0.0, 1181.0, 2919.0, 0.0]]
DecisionTable [[1135.0, 952.0, 893.0, 1120.0], [499.0, 2678.0, 509.0, 414.0], [829.0, 744.0, 1581.0, 946.0], [1133.0, 776.0, 975.0, 1216.0]]
END [[1437.0, 854.0, 1048.0, 761.0], [511.0, 2757.0, 534.0, 298.0], [1055.0, 722.0, 1698.0, 625.0], [1396.0, 786.0, 1147.0, 771.0]]
IBk [[1386.0, 721.0, 986.0, 1007.0], [556.0, 2556.0, 543.0, 445.0], [1067.0, 614.0, 1623.0, 796.0], [1381.0, 616.0, 1049.0, 1054.0]]
J48 [[822.0, 753.0, 1017.0, 1508.0], [401.0, 2581.0, 633.0, 485.0], [537.0, 643.0, 1741.0, 1179.0], [708.0, 638.0, 1164.0, 1590.0]]
LogitBoost [[716.0, 1025.0, 1006.0, 1353.0], [238.0, 2907.0, 521.0, 434.0], [504.0, 793.0, 1754.0, 1049.0], [713.0, 856.0, 1172.0, 1359.0]]
NaiveBayes [[640.0, 1009.0, 1145.0, 1306.0], [370.0, 2814.0, 525.0, 391.0], [406.0, 829.0, 1911.0, 954.0], [654.0, 860.0, 1213.0, 1373.0]]
Regression [[1476.0, 846.0, 860.0, 918.0], [567.0, 2692.0, 536.0, 305.0], [1124.0, 718.0, 1589.0, 669.0], [1461.0, 748.0, 971.0, 920.0]]
RotationForest [[1338.0, 766.0, 656.0, 1340.0], [541.0, 2634.0, 423.0, 502.0], [995.0, 654.0, 1313.0, 1138.0], [1391.0, 653.0, 751.0, 1305.0]]
SMO [[762.0, 1006.0, 1720.0, 612.0], [476.0, 2732.0, 528.0, 364.0], [629.0, 656.0, 2275.0, 540.0], [767.0, 846.0, 1802.0, 685.0]]
    Classifier | Test #1 | Test #2 | Test #3 | Test #4 | Test #5 | Test #6 | Test #7 | Test #8 | Test #9 | Test #10 | Correct | Kappa 
---------------+---------+---------+---------+---------+---------+---------+---------+---------+---------+----------+---------+-------
       Bagging |   38,84 |   39,57 |   37,80 |   39,63 |   39,57 |   40,73 |   39,70 |   40,98 |   39,27 |    38,66 |   39,48 | 0,193 
    Clustering |   34,15 |   35,30 |   34,82 |   34,76 |   34,33 |   35,91 |   34,94 |   35,43 |   33,90 |    35,85 |   34,94 | 0,133 
 DecisionTable |   41,46 |   39,88 |   39,63 |   40,00 |   37,44 |   43,17 |   41,22 |   39,21 |   40,24 |    40,79 |   40,30 | 0,204 
           END |   41,16 |   41,34 |   40,37 |   40,55 |   38,60 |   42,07 |   39,76 |   40,79 |   40,49 |    41,16 |   40,63 | 0,208 
           IBk |   40,79 |   40,18 |   39,76 |   40,79 |   42,20 |   41,16 |   39,63 |   39,70 |   39,51 |    39,88 |   40,36 | 0,205 
           J48 |   41,77 |   39,63 |   42,07 |   41,34 |   42,07 |   40,55 |   40,06 |   41,83 |   40,06 |    41,22 |   41,06 | 0,214 
    LogitBoost |   41,52 |   41,22 |   40,49 |   40,61 |   43,35 |   40,61 |   41,22 |   41,59 |   38,66 |    41,46 |   41,07 | 0,214 
    NaiveBayes |   40,00 |   42,32 |   40,37 |   41,34 |   41,83 |   39,57 |   41,16 |   41,71 |   40,18 |    42,38 |   41,09 | 0,214 
    Regression |   39,45 |   40,30 |   42,07 |   40,06 |   39,51 |   42,26 |   40,91 |   40,49 |   41,34 |    40,73 |   40,71 | 0,210 
RotationForest |   39,94 |   40,18 |   41,65 |   38,48 |   40,55 |   39,70 |   39,82 |   40,24 |   41,28 |    40,00 |   40,18 | 0,202 
           SMO |   37,44 |   39,70 |   38,84 |   41,22 |   40,30 |   40,85 |   39,02 |   38,35 |   39,33 |    38,48 |   39,35 | 0,191 


Bagging [[1213.0, 673.0, 917.0, 1297.0], [445.0, 2673.0, 504.0, 478.0], [938.0, 636.0, 1433.0, 1093.0], [1133.0, 627.0, 1013.0, 1327.0]]
Clustering [[0.0, 2694.0, 1406.0, 0.0], [0.0, 3697.0, 403.0, 0.0], [0.0, 2160.0, 1940.0, 0.0], [0.0, 2675.0, 1425.0, 0.0]]
DecisionTable [[1043.0, 799.0, 961.0, 1297.0], [425.0, 2716.0, 517.0, 442.0], [774.0, 785.0, 1493.0, 1048.0], [997.0, 722.0, 1000.0, 1381.0]]
END [[1081.0, 755.0, 858.0, 1406.0], [433.0, 2791.0, 381.0, 495.0], [825.0, 701.0, 1452.0, 1122.0], [1110.0, 623.0, 933.0, 1434.0]]
IBk [[1346.0, 748.0, 919.0, 1087.0], [520.0, 2733.0, 486.0, 361.0], [1146.0, 610.0, 1469.0, 875.0], [1348.0, 607.0, 996.0, 1149.0]]
J48 [[1267.0, 679.0, 1010.0, 1144.0], [693.0, 2182.0, 609.0, 616.0], [1095.0, 680.0, 1340.0, 985.0], [1313.0, 638.0, 1030.0, 1119.0]]
LogitBoost [[1263.0, 620.0, 878.0, 1339.0], [511.0, 2547.0, 448.0, 594.0], [882.0, 614.0, 1559.0, 1045.0], [1226.0, 525.0, 1003.0, 1346.0]]
NaiveBayes [[91.0, 1890.0, 696.0, 1423.0], [14.0, 3404.0, 329.0, 353.0], [48.0, 1432.0, 1354.0, 1266.0], [104.0, 1733.0, 748.0, 1515.0]]
Regression [[1101.0, 956.0, 840.0, 1203.0], [337.0, 2933.0, 432.0, 398.0], [630.0, 814.0, 1567.0, 1089.0], [1016.0, 791.0, 965.0, 1328.0]]
RotationForest [[1275.0, 714.0, 895.0, 1216.0], [542.0, 2582.0, 538.0, 438.0], [978.0, 645.0, 1446.0, 1031.0], [1205.0, 575.0, 1027.0, 1293.0]]
SMO [[1280.0, 1015.0, 696.0, 1109.0], [367.0, 3074.0, 361.0, 298.0], [851.0, 909.0, 1384.0, 956.0], [1339.0, 860.0, 781.0, 1120.0]]
    Classifier | Test #1 | Test #2 | Test #3 | Test #4 | Test #5 | Test #6 | Test #7 | Test #8 | Test #9 | Test #10 | Correct | Kappa 
---------------+---------+---------+---------+---------+---------+---------+---------+---------+---------+----------+---------+-------
       Bagging |   40,91 |   39,39 |   42,13 |   39,63 |   41,28 |   41,71 |   40,24 |   40,49 |   40,00 |    39,45 |   40,52 | 0,207 
    Clustering |   34,88 |   34,09 |   35,06 |   33,90 |   34,51 |   33,90 |   34,21 |   35,06 |   33,84 |    34,27 |   34,37 | 0,125 
 DecisionTable |   40,24 |   39,57 |   42,07 |   40,79 |   40,06 |   39,39 |   40,12 |   39,39 |   41,65 |    41,16 |   40,45 | 0,206 
           END |   41,04 |   43,11 |   40,18 |   41,95 |   39,21 |   42,38 |   40,79 |   41,95 |   40,30 |    41,16 |   41,21 | 0,216 
           IBk |   40,55 |   41,16 |   39,94 |   41,10 |   40,49 |   40,12 |   40,37 |   43,54 |   40,55 |    40,55 |   40,84 | 0,211 
           J48 |   34,39 |   35,91 |   37,13 |   36,10 |   35,67 |   36,95 |   35,18 |   34,88 |   37,01 |    37,01 |   36,02 | 0,147 
    LogitBoost |   39,76 |   42,80 |   39,88 |   39,45 |   40,55 |   40,98 |   40,49 |   41,40 |   42,44 |    41,71 |   40,95 | 0,213 
    NaiveBayes |   37,87 |   38,17 |   38,72 |   39,76 |   39,33 |   39,94 |   38,23 |   38,78 |   38,84 |    38,41 |   38,80 | 0,184 
    Regression |   41,28 |   40,55 |   42,01 |   41,95 |   44,02 |   41,83 |   42,87 |   42,68 |   43,29 |    42,01 |   42,25 | 0,230 
RotationForest |   41,52 |   40,06 |   40,49 |   40,24 |   40,24 |   40,85 |   39,09 |   40,49 |   39,51 |    39,70 |   40,22 | 0,203 
           SMO |   41,95 |   42,07 |   40,24 |   41,83 |   42,68 |   40,18 |   42,32 |   40,85 |   42,26 |    43,78 |   41,82 | 0,224 


    Classifier | Correct #0 | Correct #1 
---------------+------------+------------
       Bagging |      39,48 |      40,52 
    Clustering |      34,94 |      34,37 
 DecisionTable |      40,30 |      40,45 
           END |      40,63 |      41,21 
           IBk |      40,36 |      40,84 
           J48 |      41,06 |      36,02 
    LogitBoost |      41,07 |      40,95 
    NaiveBayes |      41,09 |      38,80 
    Regression |      40,71 |      42,25 
RotationForest |      40,18 |      40,22 
           SMO |      39,35 |      41,82 
