Bagging [[1632.0, 717.0, 164.0, 1587.0], [1051.0, 1494.0, 579.0, 976.0], [285.0, 549.0, 2992.0, 274.0], [1627.0, 679.0, 162.0, 1632.0]]
Clustering [[1763.0, 0.0, 586.0, 1751.0], [1470.0, 0.0, 1189.0, 1441.0], [551.0, 0.0, 3027.0, 522.0], [1792.0, 0.0, 560.0, 1748.0]]
DecisionTable [[1794.0, 424.0, 85.0, 1797.0], [1040.0, 1463.0, 529.0, 1068.0], [336.0, 494.0, 2987.0, 283.0], [1821.0, 448.0, 105.0, 1726.0]]
END [[1360.0, 511.0, 127.0, 2102.0], [832.0, 1537.0, 509.0, 1222.0], [245.0, 539.0, 2974.0, 342.0], [1345.0, 595.0, 95.0, 2065.0]]
IBk [[1805.0, 611.0, 142.0, 1542.0], [1167.0, 1572.0, 506.0, 855.0], [400.0, 530.0, 2938.0, 232.0], [1841.0, 602.0, 141.0, 1516.0]]
J48 [[1706.0, 441.0, 108.0, 1845.0], [1093.0, 1454.0, 486.0, 1067.0], [337.0, 562.0, 2891.0, 310.0], [1854.0, 412.0, 121.0, 1713.0]]
LogitBoost [[1341.0, 447.0, 217.0, 2095.0], [856.0, 1345.0, 686.0, 1213.0], [296.0, 382.0, 3127.0, 295.0], [1388.0, 430.0, 190.0, 2092.0]]
NaiveBayes [[1480.0, 594.0, 208.0, 1818.0], [944.0, 1310.0, 738.0, 1108.0], [193.0, 475.0, 3184.0, 248.0], [1537.0, 578.0, 157.0, 1828.0]]
Regression [[2422.0, 437.0, 154.0, 1087.0], [1419.0, 1465.0, 546.0, 670.0], [423.0, 502.0, 2979.0, 196.0], [2451.0, 433.0, 137.0, 1079.0]]
RotationForest [[2191.0, 591.0, 159.0, 1159.0], [1275.0, 1598.0, 528.0, 699.0], [341.0, 461.0, 3019.0, 279.0], [2212.0, 564.0, 135.0, 1189.0]]
SMO [[1876.0, 1012.0, 164.0, 1048.0], [1301.0, 1012.0, 995.0, 792.0], [176.0, 606.0, 3185.0, 133.0], [1892.0, 1004.0, 124.0, 1080.0]]
    Classifier | Test #1 | Test #2 | Test #3 | Test #4 | Test #5 | Test #6 | Test #7 | Test #8 | Test #9 | Test #10 | Correct | Kappa 
---------------+---------+---------+---------+---------+---------+---------+---------+---------+---------+----------+---------+-------
       Bagging |   44,88 |   45,18 |   48,96 |   47,38 |   47,26 |   47,80 |   46,89 |   49,27 |   49,33 |    45,61 |   47,26 | 0,297 
    Clustering |   40,49 |   41,04 |   39,21 |   40,79 |   39,76 |   39,27 |   39,21 |   38,29 |   40,43 |    40,18 |   39,87 | 0,198 
 DecisionTable |   49,94 |   47,93 |   48,78 |   48,29 |   49,02 |   47,50 |   48,54 |   49,27 |   48,84 |    47,87 |   48,60 | 0,315 
           END |   51,04 |   48,84 |   48,54 |   47,93 |   48,29 |   47,93 |   48,84 |   47,99 |   47,44 |    47,07 |   48,39 | 0,312 
           IBk |   48,17 |   47,38 |   48,54 |   48,11 |   48,41 |   47,68 |   46,83 |   48,78 |   46,34 |    47,26 |   47,75 | 0,303 
           J48 |   46,71 |   47,68 |   47,13 |   47,74 |   47,93 |   47,07 |   47,13 |   47,99 |   46,10 |    47,93 |   47,34 | 0,298 
    LogitBoost |   48,05 |   49,94 |   47,32 |   48,23 |   47,62 |   47,93 |   48,72 |   48,05 |   47,93 |    48,23 |   48,20 | 0,309 
    NaiveBayes |   47,87 |   46,34 |   49,63 |   47,80 |   48,66 |   47,62 |   47,74 |   47,50 |   46,10 |    46,46 |   47,57 | 0,301 
    Regression |   48,84 |   48,60 |   47,56 |   48,17 |   49,57 |   49,02 |   48,84 |   47,74 |   48,23 |    47,87 |   48,45 | 0,313 
RotationForest |   47,87 |   48,96 |   48,60 |   49,63 |   47,44 |   50,12 |   48,05 |   50,85 |   47,20 |    48,90 |   48,76 | 0,317 
           SMO |   42,99 |   43,72 |   45,43 |   42,87 |   42,50 |   42,38 |   43,05 |   43,48 |   45,00 |    44,76 |   43,62 | 0,248 


Bagging [[1621.0, 645.0, 162.0, 1672.0], [747.0, 2039.0, 539.0, 775.0], [300.0, 436.0, 3092.0, 272.0], [1649.0, 674.0, 139.0, 1638.0]]
Clustering [[4100.0, 0.0, 0.0, 0.0], [3326.0, 0.0, 774.0, 0.0], [1848.0, 0.0, 2252.0, 0.0], [4100.0, 0.0, 0.0, 0.0]]
DecisionTable [[1445.0, 619.0, 156.0, 1880.0], [857.0, 1773.0, 551.0, 919.0], [311.0, 417.0, 3026.0, 346.0], [1439.0, 696.0, 171.0, 1794.0]]
END [[1247.0, 636.0, 145.0, 2072.0], [666.0, 1976.0, 532.0, 926.0], [227.0, 490.0, 3039.0, 344.0], [1313.0, 636.0, 130.0, 2021.0]]
IBk [[1964.0, 545.0, 101.0, 1490.0], [1025.0, 1870.0, 472.0, 733.0], [359.0, 434.0, 3027.0, 280.0], [1931.0, 527.0, 121.0, 1521.0]]
J48 [[1655.0, 766.0, 272.0, 1407.0], [867.0, 1737.0, 664.0, 832.0], [290.0, 573.0, 2952.0, 285.0], [1605.0, 797.0, 277.0, 1421.0]]
LogitBoost [[1878.0, 635.0, 90.0, 1497.0], [875.0, 2004.0, 528.0, 693.0], [330.0, 420.0, 3081.0, 269.0], [1927.0, 653.0, 80.0, 1440.0]]
NaiveBayes [[1970.0, 197.0, 0.0, 1933.0], [1310.0, 1155.0, 343.0, 1292.0], [259.0, 1196.0, 2252.0, 393.0], [1985.0, 223.0, 1.0, 1891.0]]
Regression [[1752.0, 598.0, 233.0, 1517.0], [770.0, 2066.0, 591.0, 673.0], [221.0, 436.0, 3206.0, 237.0], [1724.0, 668.0, 207.0, 1501.0]]
RotationForest [[1626.0, 624.0, 176.0, 1674.0], [804.0, 2024.0, 513.0, 759.0], [303.0, 441.0, 3081.0, 275.0], [1640.0, 658.0, 150.0, 1652.0]]
SMO [[1894.0, 238.0, 143.0, 1825.0], [834.0, 1558.0, 451.0, 1257.0], [272.0, 515.0, 3025.0, 288.0], [1914.0, 299.0, 138.0, 1749.0]]
    Classifier | Test #1 | Test #2 | Test #3 | Test #4 | Test #5 | Test #6 | Test #7 | Test #8 | Test #9 | Test #10 | Correct | Kappa 
---------------+---------+---------+---------+---------+---------+---------+---------+---------+---------+----------+---------+-------
       Bagging |   50,85 |   50,55 |   51,22 |   50,91 |   51,28 |   49,94 |   51,16 |   52,20 |   51,77 |    51,71 |   51,16 | 0,349 
    Clustering |   37,62 |   38,48 |   39,02 |   39,33 |   38,35 |   38,35 |   38,84 |   38,54 |   39,51 |    39,27 |   38,73 | 0,183 
 DecisionTable |   48,05 |   49,63 |   49,57 |   47,93 |   49,39 |   48,11 |   49,09 |   50,67 |   48,41 |    49,27 |   49,01 | 0,320 
           END |   50,91 |   48,72 |   48,90 |   51,34 |   51,10 |   50,85 |   52,07 |   50,00 |   50,73 |    50,43 |   50,51 | 0,340 
           IBk |   51,04 |   51,28 |   51,65 |   52,20 |   51,10 |   50,43 |   51,59 |   50,49 |   51,77 |    49,57 |   51,11 | 0,348 
           J48 |   46,59 |   45,91 |   48,29 |   47,20 |   47,74 |   47,01 |   48,54 |   47,93 |   46,77 |    47,50 |   47,35 | 0,298 
    LogitBoost |   51,89 |   49,45 |   51,16 |   51,83 |   52,44 |   51,59 |   50,61 |   50,30 |   51,28 |    51,83 |   51,24 | 0,350 
    NaiveBayes |   43,72 |   42,56 |   45,18 |   42,56 |   45,91 |   45,67 |   44,82 |   45,30 |   43,35 |    44,09 |   44,32 | 0,258 
    Regression |   53,35 |   53,41 |   50,67 |   51,28 |   48,90 |   52,32 |   52,99 |   52,20 |   52,99 |    51,71 |   51,98 | 0,360 
RotationForest |   50,85 |   51,77 |   49,88 |   51,83 |   52,20 |   51,71 |   51,52 |   50,85 |   49,51 |    51,04 |   51,12 | 0,348 
           SMO |   49,63 |   47,99 |   50,91 |   51,34 |   48,66 |   50,18 |   52,99 |   49,15 |   50,00 |    50,73 |   50,16 | 0,335 


    Classifier | Correct #0 | Correct #1 
---------------+------------+------------
       Bagging |      47,26 |      51,16 
    Clustering |      39,87 |      38,73 
 DecisionTable |      48,60 |      49,01 
           END |      48,39 |      50,51 
           IBk |      47,75 |      51,11 
           J48 |      47,34 |      47,35 
    LogitBoost |      48,20 |      51,24 
    NaiveBayes |      47,57 |      44,32 
    Regression |      48,45 |      51,98 
RotationForest |      48,76 |      51,12 
           SMO |      43,62 |      50,16 
