    Classifier | Test #1 | Test #2 | Test #3 | Test #4 | Test #5 | Test #6 | Test #7 | Test #8 | Test #9 | Test #10 | Correct | Kappa 
---------------+---------+---------+---------+---------+---------+---------+---------+---------+---------+----------+---------+-------
       Bagging |   52,34 |   51,56 |   50,78 |   57,03 |   39,06 |   51,56 |   43,75 |   39,06 |   54,69 |    57,03 |   49,69 | 0,329 
    Clustering |   24,22 |   28,13 |   28,13 |   23,44 |   28,13 |   30,47 |   25,78 |   30,47 |   31,25 |    29,69 |   27,97 | 0,040 
 DecisionTable |   50,78 |   48,44 |   56,25 |   46,88 |   50,00 |   53,13 |   49,22 |   54,69 |   46,88 |    43,75 |   50,00 | 0,333 
           END |   50,78 |   46,88 |   48,44 |   48,44 |   53,13 |   58,59 |   57,03 |   52,34 |   56,25 |    46,88 |   51,88 | 0,358 
           IBk |   43,75 |   42,19 |   42,97 |   40,63 |   45,31 |   39,06 |   39,84 |   46,09 |   38,28 |    41,41 |   41,95 | 0,226 
           J48 |   46,09 |   53,91 |   49,22 |   46,88 |   46,88 |   48,44 |   53,91 |   53,13 |   57,03 |    47,66 |   50,31 | 0,338 
    LogitBoost |   53,91 |   49,22 |   60,16 |   53,91 |   50,78 |   59,38 |   57,81 |   54,69 |   53,91 |    56,25 |   55,00 | 0,400 
    NaiveBayes |   55,47 |   53,91 |   56,25 |   52,34 |   50,78 |   57,81 |   51,56 |   53,13 |   53,91 |    50,00 |   53,52 | 0,380 
    Regression |   53,91 |   45,31 |   48,44 |   57,03 |   51,56 |   49,22 |   53,91 |   51,56 |   50,00 |    53,13 |   51,41 | 0,352 
RotationForest |   56,25 |   52,34 |   53,13 |   49,22 |   53,91 |   51,56 |   50,78 |   48,44 |   52,34 |    49,22 |   51,72 | 0,356 
           SMO |   48,44 |   53,13 |   56,25 |   50,00 |   50,78 |   53,13 |   47,66 |   57,03 |   50,78 |    57,81 |   52,50 | 0,367 


    Classifier | Test #1 | Test #2 | Test #3 | Test #4 | Test #5 | Test #6 | Test #7 | Test #8 | Test #9 | Test #10 | Correct | Kappa 
---------------+---------+---------+---------+---------+---------+---------+---------+---------+---------+----------+---------+-------
       Bagging |   51,56 |   53,13 |   57,03 |   50,78 |   45,31 |   50,00 |   55,47 |   57,03 |   58,59 |    59,38 |   53,83 | 0,384 
    Clustering |   39,06 |   42,19 |   34,38 |   35,94 |   32,03 |   36,72 |   39,84 |   35,94 |   41,41 |    34,38 |   37,19 | 0,163 
 DecisionTable |   42,97 |   54,69 |   53,91 |   54,69 |   50,78 |   53,13 |   45,31 |   60,94 |   49,22 |    50,78 |   51,64 | 0,355 
           END |   48,44 |   52,34 |   48,44 |   46,88 |   47,66 |   50,78 |   53,13 |   48,44 |   54,69 |    49,22 |   50,00 | 0,333 
           IBk |   39,06 |   37,50 |   46,09 |   46,09 |   40,63 |   32,81 |   39,06 |   47,66 |   47,66 |    46,09 |   42,27 | 0,230 
           J48 |   51,56 |   48,44 |   47,66 |   40,63 |   40,63 |   43,75 |   43,75 |   49,22 |   43,75 |    54,69 |   46,41 | 0,285 
    LogitBoost |   54,69 |   60,16 |   57,81 |   50,00 |   57,81 |   53,13 |   43,75 |   57,81 |   53,91 |    57,03 |   54,61 | 0,395 
    NaiveBayes |   51,56 |   46,09 |   47,66 |   50,00 |   43,75 |   53,91 |   47,66 |   50,00 |   53,91 |    54,69 |   49,92 | 0,332 
    Regression |   47,66 |   50,78 |   65,63 |   50,00 |   55,47 |   51,56 |   49,22 |   50,78 |   53,91 |    64,84 |   53,98 | 0,386 
RotationForest |   47,66 |   57,03 |   53,91 |   46,88 |   51,56 |   42,97 |   57,03 |   42,19 |   46,88 |    57,03 |   50,31 | 0,338 
           SMO |   57,81 |   57,03 |   47,66 |   52,34 |   56,25 |   53,91 |   53,91 |   53,13 |   51,56 |    51,56 |   53,52 | 0,380 


    Classifier | Correct #0 | Correct #1 
---------------+------------+------------
       Bagging |      49,69 |      53,83 
    Clustering |      27,97 |      37,19 
 DecisionTable |      50,00 |      51,64 
           END |      51,88 |      50,00 
           IBk |      41,95 |      42,27 
           J48 |      50,31 |      46,41 
    LogitBoost |      55,00 |      54,61 
    NaiveBayes |      53,52 |      49,92 
    Regression |      51,41 |      53,98 
RotationForest |      51,72 |      50,31 
           SMO |      52,50 |      53,52 
