    Classifier | Test #1 | Test #2 | Test #3 | Test #4 | Test #5 | Test #6 | Test #7 | Test #8 | Test #9 | Test #10 | Correct | Kappa 
---------------+---------+---------+---------+---------+---------+---------+---------+---------+---------+----------+---------+-------
       Bagging |   42,97 |   45,31 |   38,28 |   37,50 |   38,28 |   44,53 |   39,06 |   45,31 |   37,50 |    42,97 |   41,17 | 0,216 
    Clustering |   42,19 |   42,19 |   23,44 |   26,56 |   26,56 |   36,72 |   21,88 |   37,50 |   39,84 |    28,13 |   32,50 | 0,100 
 DecisionTable |   41,41 |   42,19 |   38,28 |   41,41 |   42,97 |   44,53 |   41,41 |   35,16 |   40,63 |    34,38 |   40,23 | 0,203 
           END |   48,44 |   48,44 |   44,53 |   46,88 |   39,06 |   47,66 |   39,84 |   42,19 |   39,06 |    46,09 |   44,22 | 0,256 
           IBk |   35,16 |   36,72 |   30,47 |   42,19 |   37,50 |   35,16 |   33,59 |   32,03 |   31,25 |    38,28 |   35,23 | 0,136 
           J48 |   41,41 |   53,13 |   42,19 |   43,75 |   46,09 |   46,88 |   48,44 |   43,75 |   36,72 |    44,53 |   44,69 | 0,262 
    LogitBoost |   37,50 |   39,84 |   38,28 |   40,63 |   39,84 |   42,19 |   40,63 |   46,09 |   48,44 |    45,31 |   41,88 | 0,225 
    NaiveBayes |   43,75 |   39,84 |   44,53 |   42,97 |   42,97 |   45,31 |   46,09 |   45,31 |   46,88 |    43,75 |   44,14 | 0,255 
    Regression |   42,19 |   42,97 |   42,97 |   39,84 |   43,75 |   39,84 |   40,63 |   44,53 |   44,53 |    39,06 |   42,03 | 0,227 
RotationForest |   42,19 |   39,06 |   42,97 |   46,88 |   49,22 |   39,06 |   43,75 |   45,31 |   42,19 |    50,00 |   44,06 | 0,254 
           SMO |   39,84 |   46,88 |   55,47 |   39,06 |   41,41 |   46,09 |   47,66 |   39,06 |   46,88 |    37,50 |   43,98 | 0,253 


    Classifier | Test #1 | Test #2 | Test #3 | Test #4 | Test #5 | Test #6 | Test #7 | Test #8 | Test #9 | Test #10 | Correct | Kappa 
---------------+---------+---------+---------+---------+---------+---------+---------+---------+---------+----------+---------+-------
       Bagging |   32,03 |   52,34 |   36,72 |   46,88 |   36,72 |   48,44 |   37,50 |   47,66 |   39,06 |    41,41 |   41,88 | 0,225 
    Clustering |   41,41 |   40,63 |   37,50 |   37,50 |   40,63 |   38,28 |   39,84 |   42,19 |   41,41 |    39,06 |   39,84 | 0,198 
 DecisionTable |   40,63 |   41,41 |   47,66 |   50,00 |   42,19 |   38,28 |   45,31 |   42,19 |   42,97 |    40,63 |   43,13 | 0,242 
           END |   39,06 |   39,06 |   38,28 |   38,28 |   39,06 |   44,53 |   32,03 |   43,75 |   37,50 |    43,75 |   39,53 | 0,194 
           IBk |   39,06 |   36,72 |   37,50 |   39,06 |   41,41 |   38,28 |   39,84 |   38,28 |   37,50 |    38,28 |   38,59 | 0,181 
           J48 |   29,69 |   35,94 |   33,59 |   39,06 |   38,28 |   42,19 |   45,31 |   32,81 |   29,69 |    43,75 |   37,03 | 0,160 
    LogitBoost |   48,44 |   43,75 |   36,72 |   45,31 |   30,47 |   39,84 |   42,97 |   40,63 |   42,97 |    41,41 |   41,25 | 0,217 
    NaiveBayes |   40,63 |   47,66 |   39,06 |   46,88 |   39,84 |   41,41 |   45,31 |   43,75 |   40,63 |    38,28 |   42,34 | 0,231 
    Regression |   44,53 |   39,84 |   33,59 |   39,06 |   32,03 |   37,50 |   46,09 |   46,88 |   37,50 |    42,97 |   40,00 | 0,200 
RotationForest |   43,75 |   37,50 |   40,63 |   40,63 |   46,09 |   47,66 |   41,41 |   39,84 |   34,38 |    45,31 |   41,72 | 0,223 
           SMO |   45,31 |   47,66 |   49,22 |   42,97 |   41,41 |   46,09 |   41,41 |   35,94 |   49,22 |    42,97 |   44,22 | 0,256 


    Classifier | Correct #0 | Correct #1 
---------------+------------+------------
       Bagging |      41,17 |      41,88 
    Clustering |      32,50 |      39,84 
 DecisionTable |      40,23 |      43,13 
           END |      44,22 |      39,53 
           IBk |      35,23 |      38,59 
           J48 |      44,69 |      37,03 
    LogitBoost |      41,88 |      41,25 
    NaiveBayes |      44,14 |      42,34 
    Regression |      42,03 |      40,00 
RotationForest |      44,06 |      41,72 
           SMO |      43,98 |      44,22 
