    Classifier | Test #1 | Test #2 | Test #3 | Test #4 | Test #5 | Test #6 | Test #7 | Test #8 | Test #9 | Test #10 | Correct | Kappa 
---------------+---------+---------+---------+---------+---------+---------+---------+---------+---------+----------+---------+-------
       Bagging |   56,25 |   45,31 |   56,25 |   52,34 |   44,53 |   50,00 |   46,88 |   52,34 |   49,22 |    50,00 |   50,31 | 0,338 
    Clustering |   30,47 |   37,50 |   32,03 |   35,16 |   34,38 |   35,16 |   35,94 |   39,84 |   39,06 |    36,72 |   35,63 | 0,142 
 DecisionTable |   46,88 |   47,66 |   54,69 |   42,19 |   45,31 |   46,88 |   46,88 |   47,66 |   43,75 |    47,66 |   46,95 | 0,293 
           END |   46,88 |   50,78 |   54,69 |   53,13 |   46,09 |   49,22 |   51,56 |   44,53 |   49,22 |    48,44 |   49,45 | 0,326 
           IBk |   46,88 |   40,63 |   42,97 |   46,88 |   37,50 |   51,56 |   42,97 |   47,66 |   37,50 |    46,88 |   44,14 | 0,255 
           J48 |   41,41 |   49,22 |   45,31 |   50,00 |   50,00 |   49,22 |   49,22 |   47,66 |   42,97 |    40,63 |   46,56 | 0,288 
    LogitBoost |   45,31 |   47,66 |   46,09 |   43,75 |   49,22 |   50,00 |   52,34 |   55,47 |   53,13 |    47,66 |   49,06 | 0,321 
    NaiveBayes |   46,09 |   51,56 |   57,81 |   50,78 |   54,69 |   47,66 |   50,78 |   50,78 |   49,22 |    53,91 |   51,33 | 0,351 
    Regression |   46,88 |   53,13 |   50,00 |   49,22 |   47,66 |   47,66 |   46,88 |   52,34 |   46,88 |    54,69 |   49,53 | 0,327 
RotationForest |   57,03 |   47,66 |   53,91 |   46,09 |   52,34 |   51,56 |   50,00 |   46,88 |   45,31 |    56,25 |   50,70 | 0,343 
           SMO |   51,56 |   54,69 |   45,31 |   53,13 |   52,34 |   52,34 |   52,34 |   53,13 |   46,09 |    46,09 |   50,70 | 0,343 


    Classifier | Test #1 | Test #2 | Test #3 | Test #4 | Test #5 | Test #6 | Test #7 | Test #8 | Test #9 | Test #10 | Correct | Kappa 
---------------+---------+---------+---------+---------+---------+---------+---------+---------+---------+----------+---------+-------
       Bagging |   50,78 |   51,56 |   49,22 |   47,66 |   53,91 |   46,88 |   42,97 |   51,56 |   50,78 |    42,97 |   48,83 | 0,318 
    Clustering |   36,72 |   35,94 |   37,50 |   41,41 |   41,41 |   41,41 |   39,06 |   39,84 |   36,72 |    37,50 |   38,75 | 0,183 
 DecisionTable |   47,66 |   45,31 |   44,53 |   47,66 |   46,88 |   41,41 |   46,88 |   48,44 |   51,56 |    49,22 |   46,95 | 0,293 
           END |   48,44 |   48,44 |   53,13 |   40,63 |   42,19 |   42,97 |   51,56 |   49,22 |   46,88 |    46,88 |   47,03 | 0,294 
           IBk |   43,75 |   46,88 |   35,94 |   44,53 |   44,53 |   52,34 |   36,72 |   46,09 |   46,88 |    47,66 |   44,53 | 0,260 
           J48 |   50,00 |   46,88 |   38,28 |   42,19 |   50,78 |   45,31 |   49,22 |   41,41 |   47,66 |    49,22 |   46,09 | 0,281 
    LogitBoost |   47,66 |   50,78 |   45,31 |   52,34 |   47,66 |   42,97 |   48,44 |   43,75 |   57,03 |    48,44 |   48,44 | 0,312 
    NaiveBayes |   37,50 |   48,44 |   44,53 |   52,34 |   50,00 |   45,31 |   49,22 |   46,88 |   42,19 |    46,88 |   46,33 | 0,284 
    Regression |   50,00 |   48,44 |   53,13 |   46,88 |   47,66 |   44,53 |   52,34 |   46,88 |   44,53 |    44,53 |   47,89 | 0,305 
RotationForest |   55,47 |   51,56 |   43,75 |   47,66 |   48,44 |   47,66 |   57,03 |   50,00 |   54,69 |    47,66 |   50,39 | 0,339 
           SMO |   47,66 |   57,03 |   51,56 |   51,56 |   53,13 |   55,47 |   50,00 |   50,78 |   51,56 |    54,69 |   52,34 | 0,365 


    Classifier | Correct #0 | Correct #1 
---------------+------------+------------
       Bagging |      50,31 |      48,83 
    Clustering |      35,63 |      38,75 
 DecisionTable |      46,95 |      46,95 
           END |      49,45 |      47,03 
           IBk |      44,14 |      44,53 
           J48 |      46,56 |      46,09 
    LogitBoost |      49,06 |      48,44 
    NaiveBayes |      51,33 |      46,33 
    Regression |      49,53 |      47,89 
RotationForest |      50,70 |      50,39 
           SMO |      50,70 |      52,34 
