LAbsMin
CayleyDistanceMin
CanberraDistanceMin
KendallTauMin
LevenshteinDistanceMin
LSquareMin
CayleyDistanceStandardDeviation
LevenshteinDistanceKurtosis
LAbsStandardDeviation
CanberraDistanceStandardDeviation
class

Bagging
  922    71     4     2     1     0 
  108   767     4    58    49    14 
  132    80   618    64    92    14 
  137   165    61   182   366    89 
   18   117    64   246   421   134 
    1    11     6    35    54   893 
0.622
0.5606
63.38%

DecisionTable
  922    76     1     1     0     0 
  129   748     3    50    54    16 
  150    89   597    33   109    22 
  144   212    67    88   374   115 
   24   156    53   135   466   166 
    7    12     7    18    63   893 
0.602
0.5428
61.90%

IBk
  934    65     0     1     0     0 
  116   770     1    61    39    13 
  138    65   622    73    90    12 
  138   169    59   210   332    92 
   18   114    58   252   425   133 
    1    11    11    27    52   898 
0.633
0.5718
64.32%

J48
  810   101    44    44     1     0 
  102   624    53   121    82    18 
  117    67   589    93   119    15 
  116   142   105   199   361    77 
   15    95   106   222   437   125 
    2    15    12    46    80   845 
0.576
0.5008
58.40%

LogitBoost
  913    84     0     2     1     0 
   98   787     0    17    77    21 
  136    89   594    14   153    14 
  133   204    67    34   457   105 
   17   152    62    46   569   154 
    1     5    19     5    63   907 
0.614
0.5608
63.40%

NaiveBayes
  976    23     0     0     1     0 
  266   605     0    37    81    11 
  155   102   608    29    61    45 
  162   253    84    89   291   121 
   27   227    85   111   360   190 
    1     2     3     2    82   910 
0.574
0.5096
59.13%

ClassificationViaRegression
  920    78     0     0     2     0 
  115   791     0    23    50    21 
  131    82   612    25   137    13 
  134   183    60    71   453    99 
   18   131    44    75   588   144 
    1    16     6     6    54   917 
0.637
0.5798
64.98%

SMO
  960    40     0     0     0     0 
  175   740     0    25    42    18 
  147    66   625    31   116    15 
  151   178    89    68   413   101 
   23   135   100    83   520   139 
    1    13     6     0    61   919 
0.619
0.5664
63.87%

