LAbsMin
KendallTauMin
LSquareMin
CanberraDistanceMin
LAbsMean
KendallTauMean
LSquareMean
LMaxMin
CanberraDistanceMean
LAbsMax
class

Bagging
  891   102     3     4     0     0 
  133   741     9    56    32    29 
  130    67   621    68   105     9 
  129   132    72   240   346    81 
   19    89    59   241   458   134 
    1    27     5    23    47   897 
0.633
0.5696
64.13%

DecisionTable
  908    90     0     2     0     0 
  152   741     3    57    18    29 
  140    65   617    45   117    16 
  135   139    62   125   432   107 
   26   100    58   125   538   153 
   11    23     5     8    93   860 
0.621
0.5578
63.15%

IBk
  913    86     1     0     0     0 
  146   753     5    48    18    30 
  138    62   619    79    88    14 
  132   149    62   209   352    96 
   22    97    58   222   458   143 
    1    22     6    19    39   913 
0.634
0.5730
64.42%

J48
  804   106    46    41     3     0 
  125   668    35    95    47    30 
  106    65   631    58   127    13 
  109   131    98   195   408    59 
   21    87    93   164   524   111 
    0    34    14    47    76   829 
0.600
0.5302
60.85%

LogitBoost
  903    94     0     2     1     0 
  141   767     0    49    26    17 
  130    65   609    65   115    16 
  127   142    48   160   418   105 
   18   103    46   164   520   149 
    0    37     3    27    56   877 
0.631
0.5672
63.93%

NaiveBayes
  935    64     0     1     0     0 
  191   721     0    50    23    15 
  145    61   645    39    87    23 
  145   152   104    94   359   146 
   24   115   118    83   443   217 
    1    16    59    19    44   861 
0.596
0.5398
61.65%

ClassificationViaRegression
  914    86     0     0     0     0 
  132   779     0    33    26    30 
  128    69   617    62   105    19 
  129   156    59   177   375   104 
   20    99    48   169   520   144 
    1    25     4    11    26   933 
0.647
0.5880
65.67%

SMO
  933    65     0     2     0     0 
  170   730     0    45    24    31 
  142    55   609    43   132    19 
  142   134   101   112   419    92 
   22   105   113    97   520   143 
    1    24     6     0    45   924 
0.623
0.5656
63.80%

