CanberraDistanceStandardDeviation
CanberraDistanceMin
LMaxMin
LSquareStandardDeviation
LSquareMin
LAbsMin
KendallTauMin
LAbsStandardDeviation
LMaxStandardDeviation
KendallTauStandardDeviation
class

Bagging
  543   142   104    88    96    27 
   12   767    51    85    83     2 
  148   196   207   206   152    91 
  122   229   206   190   160    93 
  119   260   169   175   176   101 
   20     7    29    24    30   890 
0.443
0.3546
46.22%

DecisionTable
  547   160    86   153    34    20 
    6   812    51   102    27     2 
  157   213   155   264   107   104 
  119   267   156   269    89   100 
  113   302   170   224    94    97 
   38     6    28    14    41   873 
0.436
0.3500
45.83%

IBk
  564   162   116    79    57    22 
   10   835    37    66    51     1 
  155   232   204   181   137    91 
  122   272   203   168   140    95 
  125   310   188   160   125    92 
   32     6    28    23    29   882 
0.439
0.3556
46.30%

J48
  517    86   143   116   113    25 
   89   500   129   125   152     5 
  176   124   228   199   189    84 
  155   174   207   192   187    85 
  161   196   179   180   201    83 
   32     8    54    31    31   844 
0.404
0.2964
41.37%

LogitBoost
  608   169    40    92    72    19 
   13   821    16   105    42     3 
  215   211    97   187   188   102 
  163   275    90   197   172   103 
  144   306    84   179   183   104 
   35     6    27    23    24   885 
0.439
0.3582
46.52%

NaiveBayes
  599   241    44    62     9    45 
    0   917     0    63    17     3 
  181   355    90   163    38   173 
  140   413    68   178    36   165 
  132   413    84   169    39   163 
   36    10    13     7     4   930 
0.429
0.3506
45.88%

ClassificationViaRegression
  573   174    80   130    15    28 
    0   880    26    76    15     3 
  162   229   194   224    76   115 
  120   282   190   220    72   116 
  115   325   200   186    63   111 
   31     9    35    10    10   905 
0.445
0.3670
47.25%

SMO
  592   192    36    70    85    25 
    0   916     0    28    54     2 
  166   271    63   130   237   133 
  118   330    65   140   224   123 
  120   344    57   113   243   123 
   31    10    10     6    28   915 
0.450
0.3738
47.82%

