CanberraDistanceKurtosis
LevenshteinDistanceSkewness
LevenshteinDistanceKurtosis
CanberraDistanceStandardDeviation
LSquareKurtosis
CanberraDistanceMin
LMaxMin
LMaxKurtosis
LSquareStandardDeviation
LSquareMin
class

Bagging
  543   166   115    89    71    16 
   14   796    44    72    74     0 
  156   195   247   159   167    76 
  120   272   157   174   188    89 
  118   276   179   169   164    94 
   22    11    27    16    31   893 
0.451
0.3634
46.95%

DecisionTable
  563   205    92    78    37    25 
    3   865    24    90    17     1 
  171   278   165   180    97   109 
  122   337   161   186    87   107 
  123   356   159   182    73   107 
   31    10    26    19    27   887 
0.429
0.3478
45.65%

IBk
  558   173   128    76    52    13 
    5   832    42    79    42     0 
  168   228   250   152   121    81 
  119   290   209   188   102    92 
  124   295   203   173   107    98 
   24    12    36    13    17   898 
0.450
0.3666
47.22%

J48
  481    92   150   135   127    15 
   99   458   116   158   166     3 
  196   136   211   181   202    74 
  161   160   208   207   190    74 
  170   165   181   205   203    76 
   25    13    43    39    58   822 
0.391
0.2764
39.70%

LogitBoost
  567   203    64    92    54    20 
    4   875    15    67    38     1 
  177   277   127   181   152    86 
  128   329   120   196   129    98 
  122   333   120   201   133    91 
   23    10    36    19    30   882 
0.439
0.3560
46.33%

NaiveBayes
  591   274    76    29     5    25 
    0   949     0    42     9     0 
  206   442   141    64    26   121 
  162   505   108    77    27   121 
  160   488   110    83    41   118 
   15    13    23     7    20   922 
0.431
0.3442
45.35%

ClassificationViaRegression
  584   194   107    78    18    19 
    0   922    29    35    11     3 
  177   261   263   137    59   103 
  135   329   246   141    38   111 
  126   354   229   123    51   117 
   27    14    24     3    18   914 
0.450
0.3750
47.92%

SMO
  554   216    74    91    44    21 
    0   939     0    30    31     0 
  135   314   127   190   131   103 
   94   377    96   200   126   107 
   93   385   105   163   146   108 
   20    13    19     9    23   916 
0.460
0.3764
48.03%

