CanberraDistanceMin
LAbsMin
KendallTauMin
LSquareMin
LMaxMin
LAbsMean
CanberraDistanceMean
LMaxStandardDeviation
KendallTauMean
CanberraDistanceMax
class

Bagging
  757   186     3    28    22     4 
  242   600     1    56    65    36 
   29    40   784    81    50    16 
  101   112    89   320   283    95 
   42   115    60   269   346   168 
    5    37    16    39    58   845 
0.601
0.5304
60.87%

DecisionTable
  797   170     0    16     9     8 
  376   457     0    57    59    51 
   44    44   790    63    39    20 
  100   130    95   277   260   138 
   43   150    65   245   282   215 
    8    44    22    30    42   854 
0.565
0.4914
57.62%

IBk
  784   175     4    18    15     4 
  362   496     0    42    61    39 
   34    35   788    85    36    22 
  108   120    90   320   262   100 
   45   131    64   305   276   179 
    6    34    15    52    46   847 
0.576
0.5022
58.52%

J48
  651   243    12    54    36     4 
  254   485    26   100    94    41 
   32    41   759    90    62    16 
  106    99   110   292   302    91 
   66   106    76   253   333   166 
    6    48    20    70   115   741 
0.539
0.4522
54.35%

LogitBoost
  779   187     2    13    13     6 
  288   593     0    41    44    34 
   28    41   800    57    52    22 
   94   147   104   219   313   123 
   44   140    67   220   318   211 
    5    34    12    52    59   838 
0.579
0.5094
59.12%

NaiveBayes
  757   220     4     2    15     2 
  397   506     0     4    82    11 
   31    52   834     7    61    15 
   90   197   157    12   414   130 
   36   203   114    16   416   215 
    3    52    77     5   165   698 
0.515
0.4446
53.72%

ClassificationViaRegression
  774   168     2    30    20     6 
  237   620     0    57    53    33 
   28    35   788    70    53    26 
  113    97    95   288   298   109 
   53    97    63   310   284   193 
   10    33    16    29    23   889 
0.596
0.5286
60.72%

SMO
  822   146     4    21     4     3 
  378   493     0    68    24    37 
   36    35   808    66    26    29 
  116   123   136   353   171   101 
   54   128    96   333   216   173 
    4    35    18    20    62   861 
0.580
0.5106
59.22%

