CayleyDistanceMin
CanberraDistanceMin
LAbsMin
LevenshteinDistanceMin
KendallTauMin
LSquareMin
LSquareStandardDeviation
CayleyDistanceMean
CayleyDistanceMax
CanberraDistanceKurtosis
class

Bagging
  787   191     3     8    11     0 
  252   572     2    64    81    29 
   34    39   773    82    50    22 
   87   178    88   265   288    94 
   33   160    57   262   318   170 
    4    22    17    50    82   825 
0.582
0.5080
59.00%

DecisionTable
  825   162     2     3     8     0 
  269   576     0    46    75    34 
   40    47   782    70    36    25 
   89   200    95   217   294   105 
   30   197    67   203   312   191 
    9    37    20    32    78   824 
0.578
0.5072
58.93%

IBk
  792   192     4     3     9     0 
  276   589     0    53    57    25 
   37    38   793    74    35    23 
   95   204    97   267   241    96 
   32   198    58   284   250   178 
    3    26    21    35    67   848 
0.579
0.5078
58.98%

J48
  733   184    16    38    28     1 
  287   423    33   126    99    32 
   35    30   755    87    63    30 
   87   164   120   253   297    79 
   45   139    85   298   279   154 
    4    28    26    66    95   781 
0.529
0.4448
53.73%

LogitBoost
  804   182     3     3     7     1 
  282   599     0    31    73    15 
   35    55   784    69    31    26 
   93   220    96   298   219    74 
   33   217    64   273   259   154 
    5    33    11    29   107   815 
0.585
0.5118
59.32%

NaiveBayes
  881   107     3     8     0     1 
  457   455     0    39    45     4 
   41    48   824    46    24    17 
  117   217   148   210   214    94 
   55   219    98   189   264   175 
    3    31    27    15   158   766 
0.554
0.4800
56.67%

ClassificationViaRegression
  817   167     3     5     8     0 
  264   571     0    45    83    37 
   36    40   788    59    52    25 
   86   185    95   217   319    98 
   27   181    61   220   336   175 
    4    20    20    23    82   851 
0.585
0.5160
59.67%

SMO
  880   107     3     9     0     1 
  384   490     0    68    38    20 
   41    40   809    58    27    25 
  110   180   126   311   178    95 
   44   188    88   304   202   174 
    3    32    15    19    93   838 
0.574
0.5060
58.83%

