Bagging [[1536.0, 646.0, 261.0, 1657.0], [648.0, 2354.0, 460.0, 638.0], [404.0, 475.0, 2857.0, 364.0], [1701.0, 647.0, 186.0, 1566.0]]
Clustering [[1387.0, 1169.0, 1544.0, 0.0], [1329.0, 1303.0, 1468.0, 0.0], [617.0, 731.0, 2752.0, 0.0], [1433.0, 1197.0, 1470.0, 0.0]]
DecisionTable [[1395.0, 754.0, 192.0, 1759.0], [432.0, 2562.0, 482.0, 624.0], [447.0, 513.0, 2838.0, 302.0], [1368.0, 803.0, 162.0, 1767.0]]
END [[879.0, 815.0, 220.0, 2186.0], [297.0, 2564.0, 525.0, 714.0], [228.0, 479.0, 2937.0, 456.0], [834.0, 888.0, 233.0, 2145.0]]
J48 [[1267.0, 692.0, 240.0, 1901.0], [504.0, 2418.0, 490.0, 688.0], [381.0, 429.0, 2930.0, 360.0], [1345.0, 778.0, 173.0, 1804.0]]
LogitBoost [[1907.0, 901.0, 255.0, 1037.0], [593.0, 2606.0, 542.0, 359.0], [449.0, 417.0, 3036.0, 198.0], [1934.0, 912.0, 241.0, 1013.0]]
NaiveBayes [[1672.0, 647.0, 166.0, 1615.0], [476.0, 2158.0, 537.0, 929.0], [449.0, 478.0, 2985.0, 188.0], [1707.0, 675.0, 139.0, 1579.0]]
Regression [[1446.0, 647.0, 247.0, 1760.0], [473.0, 2441.0, 536.0, 650.0], [390.0, 441.0, 2955.0, 314.0], [1461.0, 644.0, 217.0, 1778.0]]
RotationForest [[1155.0, 638.0, 182.0, 2125.0], [275.0, 2415.0, 489.0, 921.0], [470.0, 410.0, 2914.0, 306.0], [1146.0, 640.0, 172.0, 2142.0]]
SMO [[1652.0, 1772.0, 310.0, 366.0], [844.0, 1575.0, 1014.0, 667.0], [449.0, 396.0, 3222.0, 33.0], [1733.0, 1818.0, 234.0, 315.0]]
    Classifier | Test #1 | Test #2 | Test #3 | Test #4 | Test #5 | Test #6 | Test #7 | Test #8 | Test #9 | Test #10 | Correct | Kappa 
---------------+---------+---------+---------+---------+---------+---------+---------+---------+---------+----------+---------+-------
       Bagging |   48,23 |   50,49 |   52,26 |   51,95 |   51,65 |   50,49 |   50,12 |   50,55 |   50,98 |    50,18 |   50,69 | 0,343 
    Clustering |   34,70 |   33,96 |   31,77 |   33,54 |   34,88 |   34,88 |   32,07 |   31,65 |   32,38 |    32,01 |   33,18 | 0,109 
 DecisionTable |   52,32 |   50,91 |   51,10 |   52,68 |   52,38 |   52,68 |   51,34 |   52,74 |   52,50 |    53,41 |   52,21 | 0,363 
           END |   52,07 |   50,85 |   54,02 |   53,66 |   51,71 |   51,77 |   51,34 |   53,11 |   49,63 |    51,65 |   51,98 | 0,360 
           J48 |   50,12 |   51,52 |   50,73 |   50,98 |   52,87 |   53,05 |   50,73 |   51,52 |   50,18 |    51,65 |   51,34 | 0,351 
    LogitBoost |   52,32 |   52,07 |   52,99 |   52,38 |   54,21 |   52,13 |   52,20 |   51,59 |   51,10 |    51,10 |   52,21 | 0,363 
    NaiveBayes |   52,20 |   51,28 |   51,16 |   51,16 |   50,73 |   51,71 |   52,87 |   51,22 |   49,27 |    50,24 |   51,18 | 0,349 
    Regression |   52,62 |   50,67 |   53,11 |   53,72 |   52,44 |   51,71 |   53,11 |   53,17 |   53,05 |    52,01 |   52,56 | 0,367 
RotationForest |   53,48 |   52,07 |   51,46 |   54,45 |   52,13 |   52,68 |   52,13 |   52,44 |   51,83 |    53,29 |   52,60 | 0,368 
           SMO |   39,88 |   37,38 |   43,48 |   42,26 |   44,27 |   31,52 |   44,94 |   45,30 |   43,35 |    40,06 |   41,24 | 0,217 


Bagging [[1596.0, 543.0, 226.0, 1735.0], [517.0, 2559.0, 419.0, 605.0], [391.0, 482.0, 2892.0, 335.0], [1618.0, 520.0, 186.0, 1776.0]]
Clustering [[4100.0, 0.0, 0.0, 0.0], [3228.0, 0.0, 872.0, 0.0], [1916.0, 0.0, 2184.0, 0.0], [4100.0, 0.0, 0.0, 0.0]]
DecisionTable [[1362.0, 597.0, 259.0, 1882.0], [382.0, 2472.0, 470.0, 776.0], [349.0, 395.0, 3007.0, 349.0], [1407.0, 537.0, 242.0, 1914.0]]
END [[2002.0, 527.0, 228.0, 1343.0], [606.0, 2542.0, 427.0, 525.0], [449.0, 459.0, 2929.0, 263.0], [1991.0, 521.0, 183.0, 1405.0]]
J48 [[1609.0, 649.0, 397.0, 1445.0], [700.0, 2300.0, 510.0, 590.0], [445.0, 489.0, 2821.0, 345.0], [1592.0, 682.0, 341.0, 1485.0]]
LogitBoost [[1434.0, 433.0, 184.0, 2049.0], [443.0, 2422.0, 406.0, 829.0], [378.0, 440.0, 2877.0, 405.0], [1356.0, 405.0, 111.0, 2228.0]]
NaiveBayes [[837.0, 295.0, 6.0, 2962.0], [796.0, 1177.0, 325.0, 1802.0], [427.0, 1016.0, 2314.0, 343.0], [790.0, 232.0, 2.0, 3076.0]]
Regression [[1254.0, 661.0, 295.0, 1890.0], [289.0, 2833.0, 389.0, 589.0], [306.0, 449.0, 3042.0, 303.0], [1341.0, 676.0, 223.0, 1860.0]]
RotationForest [[1617.0, 547.0, 237.0, 1699.0], [556.0, 2533.0, 411.0, 600.0], [368.0, 456.0, 2945.0, 331.0], [1657.0, 498.0, 174.0, 1771.0]]
SMO [[1049.0, 664.0, 211.0, 2176.0], [159.0, 2637.0, 353.0, 951.0], [376.0, 462.0, 2960.0, 302.0], [1077.0, 626.0, 134.0, 2263.0]]
    Classifier | Test #1 | Test #2 | Test #3 | Test #4 | Test #5 | Test #6 | Test #7 | Test #8 | Test #9 | Test #10 | Correct | Kappa 
---------------+---------+---------+---------+---------+---------+---------+---------+---------+---------+----------+---------+-------
       Bagging |   52,50 |   53,29 |   54,02 |   51,77 |   54,57 |   55,43 |   54,94 |   54,09 |   53,41 |    53,96 |   53,80 | 0,384 
    Clustering |   38,48 |   38,05 |   37,74 |   38,60 |   38,17 |   38,90 |   38,35 |   37,68 |   38,78 |    38,41 |   38,32 | 0,178 
 DecisionTable |   55,55 |   54,45 |   53,60 |   52,99 |   51,59 |   52,93 |   53,72 |   54,09 |   53,48 |    51,46 |   53,38 | 0,378 
           END |   52,68 |   54,51 |   55,73 |   53,78 |   52,99 |   54,94 |   54,76 |   54,33 |   53,96 |    53,66 |   54,13 | 0,388 
           J48 |   49,51 |   49,45 |   50,73 |   49,76 |   50,12 |   49,21 |   50,43 |   50,00 |   50,61 |    51,10 |   50,09 | 0,335 
    LogitBoost |   54,63 |   54,27 |   55,12 |   54,21 |   55,67 |   54,09 |   55,49 |   55,37 |   53,84 |    53,72 |   54,64 | 0,395 
    NaiveBayes |   44,76 |   44,88 |   45,18 |   45,67 |   44,57 |   43,60 |   46,71 |   46,04 |   45,79 |    44,27 |   45,15 | 0,269 
    Regression |   53,48 |   54,21 |   57,99 |   54,27 |   54,88 |   53,84 |   53,96 |   53,35 |   57,32 |    54,82 |   54,81 | 0,397 
RotationForest |   55,00 |   53,78 |   53,72 |   52,93 |   53,35 |   54,02 |   53,90 |   55,73 |   52,99 |    55,18 |   54,06 | 0,387 
           SMO |   52,44 |   53,84 |   54,88 |   55,18 |   55,24 |   54,27 |   53,29 |   55,12 |   53,78 |    55,18 |   54,32 | 0,391 


    Classifier | Correct #0 | Correct #1 
---------------+------------+------------
       Bagging |      50,69 |      53,80 
    Clustering |      33,18 |      38,32 
 DecisionTable |      52,21 |      53,38 
           END |      51,98 |      54,13 
           J48 |      51,34 |      50,09 
    LogitBoost |      52,21 |      54,64 
    NaiveBayes |      51,18 |      45,15 
    Regression |      52,56 |      54,81 
RotationForest |      52,60 |      54,06 
           SMO |      41,24 |      54,32 
