Bagging [[1343.0, 745.0, 916.0, 1096.0], [578.0, 2472.0, 535.0, 515.0], [900.0, 593.0, 1544.0, 1063.0], [1177.0, 692.0, 1070.0, 1161.0]]
Clustering [[0.0, 1184.0, 2916.0, 0.0], [0.0, 2547.0, 1553.0, 0.0], [0.0, 927.0, 3173.0, 0.0], [0.0, 1151.0, 2949.0, 0.0]]
DecisionTable [[1164.0, 960.0, 976.0, 1000.0], [568.0, 2698.0, 488.0, 346.0], [722.0, 797.0, 1797.0, 784.0], [1041.0, 883.0, 1174.0, 1002.0]]
END [[1110.0, 1151.0, 966.0, 873.0], [417.0, 2950.0, 482.0, 251.0], [681.0, 852.0, 1871.0, 696.0], [1020.0, 1039.0, 1203.0, 838.0]]
J48 [[1296.0, 824.0, 1013.0, 967.0], [645.0, 2594.0, 532.0, 329.0], [865.0, 621.0, 1796.0, 818.0], [1247.0, 759.0, 1200.0, 894.0]]
LogitBoost [[1276.0, 1113.0, 960.0, 751.0], [535.0, 2885.0, 517.0, 163.0], [820.0, 809.0, 1888.0, 583.0], [1230.0, 967.0, 1156.0, 747.0]]
NaiveBayes [[1383.0, 985.0, 1249.0, 483.0], [611.0, 2796.0, 522.0, 171.0], [761.0, 811.0, 2128.0, 400.0], [1143.0, 908.0, 1549.0, 500.0]]
Regression [[1738.0, 969.0, 876.0, 517.0], [636.0, 2677.0, 544.0, 243.0], [1121.0, 744.0, 1791.0, 444.0], [1600.0, 862.0, 1153.0, 485.0]]
RotationForest [[1508.0, 719.0, 981.0, 892.0], [794.0, 2482.0, 575.0, 249.0], [944.0, 576.0, 1819.0, 761.0], [1340.0, 659.0, 1130.0, 971.0]]
SMO [[720.0, 1089.0, 1638.0, 653.0], [525.0, 2679.0, 536.0, 360.0], [527.0, 732.0, 2309.0, 532.0], [646.0, 940.0, 1954.0, 560.0]]
    Classifier | Test #1 | Test #2 | Test #3 | Test #4 | Test #5 | Test #6 | Test #7 | Test #8 | Test #9 | Test #10 | Correct | Kappa 
---------------+---------+---------+---------+---------+---------+---------+---------+---------+---------+----------+---------+-------
       Bagging |   40,06 |   39,39 |   39,21 |   38,66 |   38,66 |   41,34 |   40,98 |   38,66 |   39,82 |    40,79 |   39,76 | 0,197 
    Clustering |   35,24 |   33,66 |   34,09 |   34,63 |   35,55 |   35,67 |   36,22 |   33,90 |   35,18 |    34,63 |   34,88 | 0,132 
 DecisionTable |   40,73 |   39,63 |   39,51 |   41,40 |   41,22 |   41,22 |   41,16 |   40,67 |   39,88 |    40,73 |   40,62 | 0,208 
           END |   39,70 |   42,68 |   40,73 |   42,32 |   40,43 |   41,83 |   41,28 |   41,16 |   41,22 |    41,40 |   41,27 | 0,217 
           J48 |   41,59 |   40,06 |   41,59 |   40,49 |   40,24 |   39,39 |   41,59 |   38,23 |   38,66 |    39,39 |   40,12 | 0,202 
    LogitBoost |   41,46 |   39,51 |   39,76 |   41,40 |   42,01 |   42,32 |   41,89 |   43,11 |   42,01 |    40,91 |   41,44 | 0,219 
    NaiveBayes |   41,89 |   42,20 |   41,95 |   39,82 |   42,26 |   40,61 |   40,55 |   42,50 |   42,07 |    41,22 |   41,51 | 0,220 
    Regression |   40,98 |   41,46 |   41,77 |   40,73 |   40,49 |   42,74 |   41,28 |   40,61 |   38,96 |    38,96 |   40,80 | 0,211 
RotationForest |   41,28 |   40,73 |   42,26 |   39,70 |   41,40 |   40,24 |   42,20 |   42,74 |   42,44 |    40,43 |   41,34 | 0,218 
           SMO |   38,48 |   39,76 |   39,27 |   38,72 |   36,10 |   37,80 |   38,60 |   36,71 |   39,21 |    37,56 |   38,22 | 0,176 


Bagging [[1383.0, 692.0, 906.0, 1119.0], [528.0, 2654.0, 448.0, 470.0], [957.0, 604.0, 1568.0, 971.0], [1240.0, 641.0, 1083.0, 1136.0]]
Clustering [[0.0, 2896.0, 1204.0, 0.0], [0.0, 3792.0, 308.0, 0.0], [0.0, 2094.0, 2006.0, 0.0], [0.0, 2666.0, 1434.0, 0.0]]
DecisionTable [[1318.0, 851.0, 911.0, 1020.0], [556.0, 2786.0, 485.0, 273.0], [829.0, 763.0, 1674.0, 834.0], [1204.0, 831.0, 1089.0, 976.0]]
END [[1607.0, 783.0, 828.0, 882.0], [594.0, 2762.0, 422.0, 322.0], [994.0, 656.0, 1633.0, 817.0], [1419.0, 767.0, 967.0, 947.0]]
J48 [[1229.0, 677.0, 1079.0, 1115.0], [769.0, 2100.0, 607.0, 624.0], [1044.0, 613.0, 1467.0, 976.0], [1291.0, 651.0, 1111.0, 1047.0]]
LogitBoost [[1563.0, 588.0, 1028.0, 921.0], [696.0, 2419.0, 549.0, 436.0], [941.0, 476.0, 1895.0, 788.0], [1357.0, 532.0, 1264.0, 947.0]]
NaiveBayes [[983.0, 1896.0, 669.0, 552.0], [253.0, 3450.0, 267.0, 130.0], [673.0, 1439.0, 1388.0, 600.0], [987.0, 1674.0, 833.0, 606.0]]
Regression [[1328.0, 1029.0, 813.0, 930.0], [465.0, 2980.0, 402.0, 253.0], [774.0, 794.0, 1750.0, 782.0], [1249.0, 939.0, 1045.0, 867.0]]
RotationForest [[1334.0, 704.0, 959.0, 1103.0], [571.0, 2514.0, 479.0, 536.0], [966.0, 588.0, 1475.0, 1071.0], [1254.0, 618.0, 1071.0, 1157.0]]
SMO [[1794.0, 1086.0, 632.0, 588.0], [540.0, 3072.0, 341.0, 147.0], [1156.0, 815.0, 1508.0, 621.0], [1621.0, 996.0, 845.0, 638.0]]
    Classifier | Test #1 | Test #2 | Test #3 | Test #4 | Test #5 | Test #6 | Test #7 | Test #8 | Test #9 | Test #10 | Correct | Kappa 
---------------+---------+---------+---------+---------+---------+---------+---------+---------+---------+----------+---------+-------
       Bagging |   41,40 |   39,88 |   39,33 |   41,40 |   41,28 |   43,78 |   39,51 |   42,26 |   41,59 |    40,61 |   41,10 | 0,215 
    Clustering |   35,43 |   35,37 |   35,18 |   34,76 |   35,18 |   35,24 |   36,40 |   36,16 |   34,76 |    35,06 |   35,35 | 0,138 
 DecisionTable |   42,68 |   41,59 |   40,85 |   39,45 |   39,70 |   42,13 |   42,32 |   42,01 |   39,70 |    41,40 |   41,18 | 0,216 
           END |   43,41 |   40,91 |   42,93 |   42,99 |   42,20 |   42,26 |   40,79 |   42,01 |   45,06 |    41,16 |   42,37 | 0,232 
           J48 |   35,18 |   34,51 |   35,61 |   35,61 |   36,83 |   34,63 |   37,80 |   34,70 |   35,98 |    35,43 |   35,63 | 0,142 
    LogitBoost |   42,01 |   41,28 |   41,40 |   42,74 |   42,80 |   40,00 |   41,28 |   40,79 |   41,89 |    41,89 |   41,61 | 0,221 
    NaiveBayes |   40,24 |   38,72 |   37,87 |   40,61 |   38,23 |   39,70 |   40,55 |   38,66 |   39,33 |    37,99 |   39,19 | 0,189 
    Regression |   41,10 |   44,09 |   41,65 |   41,77 |   40,79 |   42,87 |   42,56 |   43,35 |   41,83 |    42,26 |   42,23 | 0,230 
RotationForest |   39,45 |   38,96 |   39,82 |   40,24 |   38,84 |   39,15 |   40,91 |   39,33 |   37,87 |    40,55 |   39,51 | 0,193 
           SMO |   44,57 |   42,93 |   42,62 |   41,04 |   43,66 |   42,68 |   41,83 |   42,99 |   42,56 |    42,68 |   42,76 | 0,237 


    Classifier | Correct #0 | Correct #1 
---------------+------------+------------
       Bagging |      39,76 |      41,10 
    Clustering |      34,88 |      35,35 
 DecisionTable |      40,62 |      41,18 
           END |      41,27 |      42,37 
           J48 |      40,12 |      35,63 
    LogitBoost |      41,44 |      41,61 
    NaiveBayes |      41,51 |      39,19 
    Regression |      40,80 |      42,23 
RotationForest |      41,34 |      39,51 
           SMO |      38,22 |      42,76 
