Bagging [[1496.0, 759.0, 159.0, 1686.0], [988.0, 1476.0, 613.0, 1023.0], [266.0, 466.0, 3101.0, 267.0], [1625.0, 717.0, 155.0, 1603.0]]
Clustering [[1400.0, 0.0, 526.0, 2174.0], [1138.0, 0.0, 1194.0, 1768.0], [324.0, 0.0, 3282.0, 494.0], [1430.0, 0.0, 513.0, 2157.0]]
DecisionTable [[1237.0, 505.0, 224.0, 2134.0], [817.0, 1316.0, 640.0, 1327.0], [257.0, 429.0, 3136.0, 278.0], [1289.0, 445.0, 188.0, 2178.0]]
END [[2109.0, 369.0, 190.0, 1432.0], [1356.0, 1224.0, 617.0, 903.0], [310.0, 405.0, 3193.0, 192.0], [2164.0, 313.0, 162.0, 1461.0]]
J48 [[1283.0, 535.0, 192.0, 2090.0], [866.0, 1347.0, 557.0, 1330.0], [239.0, 496.0, 3070.0, 295.0], [1374.0, 468.0, 144.0, 2114.0]]
LogitBoost [[753.0, 542.0, 191.0, 2614.0], [575.0, 1485.0, 554.0, 1486.0], [226.0, 371.0, 3164.0, 339.0], [802.0, 529.0, 159.0, 2610.0]]
NaiveBayes [[873.0, 667.0, 187.0, 2373.0], [765.0, 1300.0, 703.0, 1332.0], [112.0, 523.0, 3173.0, 292.0], [917.0, 668.0, 162.0, 2353.0]]
Regression [[2100.0, 351.0, 162.0, 1487.0], [1388.0, 1308.0, 541.0, 863.0], [266.0, 455.0, 3127.0, 252.0], [2188.0, 318.0, 148.0, 1446.0]]
RotationForest [[1657.0, 397.0, 164.0, 1882.0], [941.0, 1201.0, 602.0, 1356.0], [300.0, 414.0, 3134.0, 252.0], [1680.0, 377.0, 179.0, 1864.0]]
SMO [[1825.0, 1036.0, 101.0, 1138.0], [1312.0, 1037.0, 930.0, 821.0], [121.0, 637.0, 3263.0, 79.0], [1883.0, 1043.0, 133.0, 1041.0]]
    Classifier | Test #1 | Test #2 | Test #3 | Test #4 | Test #5 | Test #6 | Test #7 | Test #8 | Test #9 | Test #10 | Correct | Kappa 
---------------+---------+---------+---------+---------+---------+---------+---------+---------+---------+----------+---------+-------
       Bagging |   45,79 |   46,71 |   47,32 |   45,98 |   47,20 |   48,17 |   46,89 |   46,10 |   48,17 |    45,73 |   46,80 | 0,291 
    Clustering |   42,68 |   42,44 |   40,91 |   40,00 |   41,34 |   42,07 |   42,93 |   42,32 |   39,51 |    42,80 |   41,70 | 0,223 
 DecisionTable |   48,23 |   46,34 |   49,02 |   48,29 |   49,94 |   47,07 |   47,74 |   49,09 |   48,05 |    45,91 |   47,97 | 0,306 
           END |   46,95 |   50,30 |   48,78 |   48,66 |   47,74 |   48,17 |   49,57 |   48,35 |   48,78 |    49,70 |   48,70 | 0,316 
           J48 |   48,72 |   48,29 |   48,35 |   48,41 |   49,21 |   45,98 |   45,55 |   47,01 |   48,41 |    46,52 |   47,65 | 0,302 
    LogitBoost |   49,82 |   47,80 |   48,35 |   48,48 |   49,15 |   49,15 |   49,51 |   47,99 |   49,21 |    49,09 |   48,85 | 0,318 
    NaiveBayes |   46,59 |   48,35 |   47,32 |   47,20 |   45,49 |   47,74 |   45,55 |   47,32 |   45,85 |    48,05 |   46,95 | 0,293 
    Regression |   47,80 |   49,02 |   49,76 |   48,11 |   49,63 |   47,87 |   48,84 |   49,76 |   47,68 |    48,17 |   48,66 | 0,316 
RotationForest |   47,74 |   48,41 |   47,99 |   47,80 |   48,66 |   50,61 |   46,46 |   47,07 |   47,13 |    47,13 |   47,90 | 0,305 
           SMO |   43,60 |   44,57 |   42,74 |   43,78 |   44,02 |   43,78 |   43,60 |   44,21 |   41,77 |    44,88 |   43,70 | 0,249 


Bagging [[1564.0, 714.0, 138.0, 1684.0], [765.0, 2058.0, 531.0, 746.0], [250.0, 470.0, 3137.0, 243.0], [1563.0, 675.0, 125.0, 1737.0]]
Clustering [[4100.0, 0.0, 0.0, 0.0], [3359.0, 0.0, 741.0, 0.0], [1854.0, 0.0, 2246.0, 0.0], [4100.0, 0.0, 0.0, 0.0]]
DecisionTable [[923.0, 735.0, 154.0, 2288.0], [512.0, 1884.0, 557.0, 1147.0], [268.0, 518.0, 3048.0, 266.0], [890.0, 666.0, 171.0, 2373.0]]
END [[1884.0, 705.0, 143.0, 1368.0], [861.0, 2079.0, 518.0, 642.0], [283.0, 479.0, 3150.0, 188.0], [1898.0, 656.0, 139.0, 1407.0]]
J48 [[1473.0, 823.0, 245.0, 1559.0], [876.0, 1823.0, 646.0, 755.0], [271.0, 566.0, 3031.0, 232.0], [1512.0, 783.0, 272.0, 1533.0]]
LogitBoost [[1520.0, 732.0, 86.0, 1762.0], [760.0, 2129.0, 469.0, 742.0], [260.0, 485.0, 3053.0, 302.0], [1453.0, 621.0, 94.0, 1932.0]]
NaiveBayes [[1088.0, 247.0, 2.0, 2763.0], [1128.0, 1178.0, 369.0, 1425.0], [278.0, 1253.0, 2265.0, 304.0], [1076.0, 221.0, 0.0, 2803.0]]
Regression [[1354.0, 813.0, 219.0, 1714.0], [545.0, 2384.0, 559.0, 612.0], [169.0, 474.0, 3234.0, 223.0], [1426.0, 767.0, 225.0, 1682.0]]
RotationForest [[1585.0, 696.0, 167.0, 1652.0], [746.0, 2106.0, 474.0, 774.0], [260.0, 479.0, 3097.0, 264.0], [1550.0, 661.0, 179.0, 1710.0]]
SMO [[1541.0, 318.0, 101.0, 2140.0], [1058.0, 1592.0, 370.0, 1080.0], [252.0, 497.0, 3075.0, 276.0], [1528.0, 283.0, 115.0, 2174.0]]
    Classifier | Test #1 | Test #2 | Test #3 | Test #4 | Test #5 | Test #6 | Test #7 | Test #8 | Test #9 | Test #10 | Correct | Kappa 
---------------+---------+---------+---------+---------+---------+---------+---------+---------+---------+----------+---------+-------
       Bagging |   52,87 |   50,61 |   51,46 |   52,38 |   53,78 |   51,10 |   51,71 |   49,76 |   51,10 |    53,29 |   51,80 | 0,357 
    Clustering |   38,54 |   37,99 |   39,02 |   38,60 |   38,17 |   39,15 |   38,35 |   39,27 |   38,60 |    39,27 |   38,70 | 0,183 
 DecisionTable |   51,71 |   50,85 |   48,35 |   51,40 |   50,85 |   48,78 |   50,79 |   49,51 |   49,33 |    50,12 |   50,17 | 0,336 
           END |   52,68 |   52,13 |   50,43 |   53,05 |   50,98 |   51,89 |   51,46 |   51,71 |   52,74 |    52,44 |   51,95 | 0,359 
           J48 |   49,09 |   46,40 |   47,74 |   48,54 |   48,48 |   48,84 |   48,84 |   47,62 |   47,01 |    46,71 |   47,93 | 0,306 
    LogitBoost |   55,12 |   49,70 |   51,71 |   53,60 |   53,66 |   52,20 |   54,09 |   52,44 |   51,28 |    52,68 |   52,65 | 0,369 
    NaiveBayes |   44,45 |   46,16 |   43,84 |   43,84 |   47,26 |   42,99 |   44,70 |   45,91 |   44,63 |    43,41 |   44,72 | 0,263 
    Regression |   53,29 |   52,62 |   52,07 |   52,68 |   51,59 |   52,74 |   54,45 |   53,29 |   53,48 |    51,46 |   52,77 | 0,370 
RotationForest |   52,01 |   51,10 |   53,35 |   50,91 |   51,89 |   50,49 |   51,65 |   51,10 |   52,50 |    53,17 |   51,82 | 0,358 
           SMO |   50,98 |   51,83 |   52,01 |   51,46 |   49,88 |   50,18 |   51,71 |   51,52 |   50,37 |    51,16 |   51,11 | 0,348 


    Classifier | Correct #0 | Correct #1 
---------------+------------+------------
       Bagging |      46,80 |      51,80 
    Clustering |      41,70 |      38,70 
 DecisionTable |      47,97 |      50,17 
           END |      48,70 |      51,95 
           J48 |      47,65 |      47,93 
    LogitBoost |      48,85 |      52,65 
    NaiveBayes |      46,95 |      44,72 
    Regression |      48,66 |      52,77 
RotationForest |      47,90 |      51,82 
           SMO |      43,70 |      51,11 
