Classifier | Test #1 | Test #2 | Test #3 | Test #4 | Test #5 | Test #6 | Test #7 | Test #8 | Test #9 | Test #10 | Correct | Kappa 
-----------+---------+---------+---------+---------+---------+---------+---------+---------+---------+----------+---------+-------
       IBk |   40,98 |   42,07 |   43,66 |   41,10 |   40,49 |   45,24 |   43,78 |   40,98 |   40,73 |    40,37 |   41,94 | 0,226 
       IBk |   42,20 |   40,37 |   43,29 |   39,88 |   41,46 |   42,20 |   41,95 |   41,83 |   43,29 |    40,00 |   41,65 | 0,222 
       IBk |   46,22 |   43,78 |   46,22 |   43,90 |   42,07 |   44,02 |   45,85 |   43,29 |   44,27 |    46,34 |   44,60 | 0,261 
       IBk |   45,24 |   48,41 |   48,29 |   45,49 |   44,88 |   48,29 |   46,34 |   46,59 |   44,15 |    46,22 |   46,39 | 0,285 
       IBk |   49,63 |   48,05 |   45,73 |   45,37 |   46,34 |   49,27 |   50,00 |   48,78 |   47,07 |    48,41 |   47,87 | 0,305 
       IBk |   48,29 |   47,20 |   49,88 |   46,71 |   47,68 |   48,29 |   49,15 |   51,71 |   48,66 |    48,41 |   48,60 | 0,315 


Classifier | Test #1 | Test #2 | Test #3 | Test #4 | Test #5 | Test #6 | Test #7 | Test #8 | Test #9 | Test #10 | Correct | Kappa 
-----------+---------+---------+---------+---------+---------+---------+---------+---------+---------+----------+---------+-------
       IBk |   42,20 |   37,93 |   41,71 |   37,20 |   38,17 |   43,41 |   38,41 |   39,39 |   39,51 |    37,93 |   39,59 | 0,194 
       IBk |   39,51 |   40,12 |   38,66 |   38,17 |   40,12 |   38,41 |   38,78 |   38,66 |   37,44 |    38,05 |   38,79 | 0,184 
       IBk |   43,66 |   43,29 |   40,73 |   42,07 |   41,22 |   44,15 |   40,12 |   42,68 |   43,54 |    41,22 |   42,27 | 0,230 
       IBk |   40,00 |   44,27 |   43,05 |   45,98 |   42,44 |   44,76 |   43,66 |   44,02 |   43,17 |    46,34 |   43,77 | 0,250 
       IBk |   44,39 |   43,17 |   45,98 |   47,93 |   48,17 |   47,56 |   46,46 |   46,59 |   43,05 |    46,10 |   45,94 | 0,279 
       IBk |   44,27 |   48,41 |   45,73 |   46,83 |   45,00 |   48,29 |   49,02 |   46,34 |   45,73 |    43,54 |   46,32 | 0,284 


Classifier | Test #1 | Test #2 | Test #3 | Test #4 | Test #5 | Test #6 | Test #7 | Test #8 | Test #9 | Test #10 | Correct | Kappa 
-----------+---------+---------+---------+---------+---------+---------+---------+---------+---------+----------+---------+-------
       IBk |   42,56 |   44,02 |   44,63 |   44,51 |   44,63 |   40,85 |   44,88 |   40,98 |   42,56 |    42,44 |   43,21 | 0,243 
       IBk |   41,95 |   43,90 |   45,85 |   41,34 |   45,24 |   44,39 |   44,63 |   44,51 |   44,27 |    43,78 |   43,99 | 0,253 
       IBk |   48,90 |   51,10 |   46,59 |   48,05 |   47,44 |   49,02 |   47,20 |   49,39 |   49,39 |    49,02 |   48,61 | 0,315 
       IBk |   50,49 |   47,68 |   48,90 |   48,54 |   48,29 |   48,66 |   50,61 |   50,73 |   46,83 |    47,20 |   48,79 | 0,317 
       IBk |   52,07 |   48,90 |   50,85 |   50,98 |   48,78 |   52,07 |   49,88 |   49,15 |   52,32 |    51,95 |   50,70 | 0,343 
       IBk |   50,49 |   54,51 |   51,46 |   47,80 |   51,22 |   51,95 |   48,29 |   48,78 |   51,59 |    48,29 |   50,44 | 0,339 


Classifier | Test #1 | Test #2 | Test #3 | Test #4 | Test #5 | Test #6 | Test #7 | Test #8 | Test #9 | Test #10 | Correct | Kappa 
-----------+---------+---------+---------+---------+---------+---------+---------+---------+---------+----------+---------+-------
       IBk |   42,20 |   43,54 |   42,44 |   45,61 |   43,05 |   46,34 |   42,56 |   42,44 |   45,61 |    45,61 |   43,94 | 0,253 
       IBk |   44,39 |   44,51 |   43,78 |   41,83 |   43,17 |   42,56 |   42,68 |   44,51 |   44,27 |    43,54 |   43,52 | 0,247 
       IBk |   51,22 |   49,02 |   47,56 |   51,34 |   49,51 |   48,17 |   49,02 |   49,27 |   47,44 |    47,68 |   49,02 | 0,320 
       IBk |   50,73 |   49,39 |   48,29 |   49,27 |   48,78 |   48,54 |   48,54 |   49,88 |   52,68 |    51,95 |   49,80 | 0,331 
       IBk |   52,93 |   49,76 |   50,37 |   51,46 |   52,68 |   49,39 |   51,71 |   49,63 |   52,20 |    48,78 |   50,89 | 0,345 
       IBk |   47,44 |   50,49 |   49,88 |   48,90 |   52,93 |   48,54 |   49,88 |   50,85 |   52,44 |    51,83 |   50,32 | 0,338 


Classifier | Correct #0 | Correct #1 | Correct #2 | Correct #3 
-----------+------------+------------+------------+------------
       IBk |      41,94 |      39,59 |      43,21 |      43,94 
       IBk |      41,65 |      38,79 |      43,99 |      43,52 
       IBk |      44,60 |      42,27 |      48,61 |      49,02 
       IBk |      46,39 |      43,77 |      48,79 |      49,80 
       IBk |      47,87 |      45,94 |      50,70 |      50,89 
       IBk |      48,60 |      46,32 |      50,44 |      50,32 
