Classifier | Test #1 | Test #2 | Test #3 | Test #4 | Test #5 | Test #6 | Test #7 | Test #8 | Test #9 | Test #10 | Correct | Kappa 
-----------+---------+---------+---------+---------+---------+---------+---------+---------+---------+----------+---------+-------
       IBk |   34,39 |   34,63 |   31,22 |   34,27 |   32,56 |   32,20 |   35,85 |   34,15 |   33,29 |    34,51 |   33,71 | 0,116 
       IBk |   32,68 |   32,07 |   34,02 |   35,61 |   35,24 |   32,32 |   35,12 |   34,63 |   36,46 |    34,02 |   34,22 | 0,123 
       IBk |   38,54 |   36,83 |   37,80 |   37,07 |   35,37 |   32,68 |   36,59 |   34,39 |   36,10 |    37,20 |   36,26 | 0,150 
       IBk |   38,17 |   38,41 |   37,68 |   38,54 |   37,93 |   36,95 |   37,93 |   36,34 |   38,90 |    36,95 |   37,78 | 0,170 
       IBk |   39,27 |   38,17 |   38,17 |   40,73 |   40,61 |   40,49 |   37,93 |   36,22 |   39,51 |    40,61 |   39,17 | 0,189 
       IBk |   40,85 |   41,83 |   41,34 |   41,10 |   38,78 |   36,22 |   41,10 |   40,12 |   40,12 |    40,49 |   40,20 | 0,203 


Classifier | Test #1 | Test #2 | Test #3 | Test #4 | Test #5 | Test #6 | Test #7 | Test #8 | Test #9 | Test #10 | Correct | Kappa 
-----------+---------+---------+---------+---------+---------+---------+---------+---------+---------+----------+---------+-------
       IBk |   32,20 |   33,90 |   29,39 |   32,56 |   34,88 |   32,44 |   34,51 |   31,10 |   31,46 |    32,80 |   32,52 | 0,100 
       IBk |   32,32 |   31,71 |   34,76 |   31,71 |   36,46 |   34,76 |   30,61 |   30,49 |   32,56 |    30,98 |   32,63 | 0,102 
       IBk |   32,44 |   34,02 |   35,61 |   35,37 |   35,24 |   34,88 |   37,32 |   33,29 |   34,27 |    36,10 |   34,85 | 0,131 
       IBk |   33,54 |   34,27 |   35,37 |   33,41 |   34,15 |   34,39 |   33,54 |   33,66 |   33,90 |    32,56 |   33,88 | 0,118 
       IBk |   37,93 |   35,49 |   35,73 |   34,63 |   37,68 |   38,05 |   37,07 |   36,46 |   35,37 |    40,85 |   36,93 | 0,159 
       IBk |   40,37 |   34,51 |   34,02 |   36,46 |   34,51 |   36,71 |   35,49 |   35,00 |   36,10 |    37,32 |   36,05 | 0,147 


Classifier | Test #1 | Test #2 | Test #3 | Test #4 | Test #5 | Test #6 | Test #7 | Test #8 | Test #9 | Test #10 | Correct | Kappa 
-----------+---------+---------+---------+---------+---------+---------+---------+---------+---------+----------+---------+-------
       IBk |   37,56 |   36,59 |   35,61 |   36,71 |   34,27 |   35,37 |   38,17 |   35,61 |   36,95 |    33,05 |   35,99 | 0,147 
       IBk |   35,00 |   35,24 |   34,51 |   36,10 |   35,00 |   33,54 |   34,88 |   33,78 |   33,29 |    33,54 |   34,49 | 0,127 
       IBk |   36,95 |   35,24 |   36,95 |   35,24 |   35,61 |   37,07 |   37,80 |   40,37 |   36,71 |    35,73 |   36,77 | 0,157 
       IBk |   37,20 |   37,20 |   40,24 |   38,29 |   40,00 |   40,98 |   39,02 |   35,98 |   38,17 |    38,41 |   38,55 | 0,181 
       IBk |   38,54 |   41,10 |   42,44 |   39,88 |   41,10 |   40,37 |   42,56 |   41,95 |   42,80 |    37,44 |   40,82 | 0,211 
       IBk |   39,88 |   40,37 |   40,98 |   39,27 |   40,24 |   40,12 |   41,95 |   40,73 |   39,76 |    37,56 |   40,09 | 0,201 


Classifier | Test #1 | Test #2 | Test #3 | Test #4 | Test #5 | Test #6 | Test #7 | Test #8 | Test #9 | Test #10 | Correct | Kappa 
-----------+---------+---------+---------+---------+---------+---------+---------+---------+---------+----------+---------+-------
       IBk |   35,85 |   36,22 |   34,63 |   33,66 |   34,27 |   34,15 |   35,73 |   35,73 |   33,17 |    33,78 |   34,72 | 0,130 
       IBk |   35,98 |   34,02 |   32,20 |   35,00 |   35,37 |   35,12 |   35,49 |   36,59 |   35,73 |    33,17 |   34,87 | 0,132 
       IBk |   38,54 |   35,00 |   37,68 |   37,68 |   36,59 |   37,20 |   38,54 |   39,02 |   37,44 |    37,32 |   37,50 | 0,167 
       IBk |   37,68 |   39,39 |   37,80 |   38,90 |   36,95 |   37,56 |   36,34 |   39,39 |   39,27 |    41,46 |   38,48 | 0,180 
       IBk |   41,10 |   39,51 |   40,12 |   40,00 |   41,22 |   38,29 |   41,95 |   43,54 |   38,66 |    40,12 |   40,45 | 0,206 
       IBk |   39,88 |   39,27 |   41,22 |   41,46 |   40,37 |   41,10 |   40,24 |   41,46 |   39,27 |    40,73 |   40,50 | 0,207 


Classifier | Correct #0 | Correct #1 | Correct #2 | Correct #3 
-----------+------------+------------+------------+------------
       IBk |      33,71 |      32,52 |      35,99 |      34,72 
       IBk |      34,22 |      32,63 |      34,49 |      34,87 
       IBk |      36,26 |      34,85 |      36,77 |      37,50 
       IBk |      37,78 |      33,88 |      38,55 |      38,48 
       IBk |      39,17 |      36,93 |      40,82 |      40,45 
       IBk |      40,20 |      36,05 |      40,09 |      40,50 
