Classifier | Test #1 | Test #2 | Test #3 | Test #4 | Test #5 | Test #6 | Test #7 | Test #8 | Test #9 | Test #10 | Correct | Kappa 
-----------+---------+---------+---------+---------+---------+---------+---------+---------+---------+----------+---------+-------
       IBk |   41,59 |   37,93 |   42,44 |   37,56 |   39,39 |   38,17 |   36,83 |   42,56 |   39,51 |    38,29 |   39,43 | 0,192 
       IBk |   38,41 |   40,61 |   37,80 |   39,88 |   38,54 |   38,54 |   36,95 |   38,41 |   38,54 |    39,51 |   38,72 | 0,183 
       IBk |   40,12 |   43,05 |   42,32 |   42,32 |   41,22 |   40,24 |   43,41 |   43,05 |   44,02 |    41,46 |   42,12 | 0,228 
       IBk |   43,78 |   45,12 |   42,56 |   42,56 |   42,56 |   45,85 |   40,61 |   42,68 |   43,78 |    43,66 |   43,32 | 0,244 
       IBk |   45,98 |   41,59 |   44,51 |   44,27 |   46,22 |   43,78 |   41,95 |   43,66 |   45,12 |    45,12 |   44,22 | 0,256 
       IBk |   44,02 |   44,39 |   44,76 |   45,00 |   46,46 |   42,80 |   47,80 |   45,00 |   44,63 |    45,37 |   45,02 | 0,267 


Classifier | Test #1 | Test #2 | Test #3 | Test #4 | Test #5 | Test #6 | Test #7 | Test #8 | Test #9 | Test #10 | Correct | Kappa 
-----------+---------+---------+---------+---------+---------+---------+---------+---------+---------+----------+---------+-------
       IBk |   38,54 |   39,27 |   40,49 |   40,24 |   38,41 |   36,46 |   40,24 |   39,02 |   38,17 |    38,29 |   38,91 | 0,186 
       IBk |   37,93 |   36,83 |   37,32 |   39,39 |   40,00 |   40,37 |   39,88 |   39,76 |   37,32 |    36,59 |   38,54 | 0,180 
       IBk |   39,27 |   41,22 |   42,20 |   41,59 |   40,37 |   40,49 |   40,49 |   40,49 |   41,59 |    42,56 |   41,02 | 0,214 
       IBk |   41,59 |   43,29 |   40,12 |   42,44 |   41,34 |   45,00 |   44,02 |   42,07 |   44,02 |    42,80 |   42,67 | 0,236 
       IBk |   42,80 |   41,10 |   41,95 |   43,66 |   42,44 |   44,15 |   43,29 |   43,41 |   46,83 |    45,37 |   43,50 | 0,247 
       IBk |   40,98 |   42,56 |   40,73 |   43,78 |   45,49 |   45,00 |   44,02 |   41,59 |   42,32 |    44,27 |   43,07 | 0,241 


Classifier | Test #1 | Test #2 | Test #3 | Test #4 | Test #5 | Test #6 | Test #7 | Test #8 | Test #9 | Test #10 | Correct | Kappa 
-----------+---------+---------+---------+---------+---------+---------+---------+---------+---------+----------+---------+-------
       IBk |   42,68 |   41,59 |   40,73 |   43,90 |   42,20 |   41,95 |   44,88 |   41,46 |   46,59 |    41,71 |   42,77 | 0,237 
       IBk |   40,00 |   44,88 |   41,46 |   42,80 |   41,83 |   40,98 |   44,76 |   43,41 |   42,20 |    42,20 |   42,45 | 0,233 
       IBk |   44,88 |   47,56 |   46,83 |   45,98 |   45,12 |   43,54 |   45,37 |   42,56 |   47,20 |    44,39 |   45,34 | 0,271 
       IBk |   47,32 |   46,34 |   47,80 |   48,66 |   47,44 |   47,07 |   49,76 |   49,27 |   45,98 |    47,68 |   47,73 | 0,303 
       IBk |   45,98 |   48,41 |   47,20 |   48,29 |   47,93 |   47,20 |   51,22 |   47,20 |   49,02 |    46,59 |   47,90 | 0,305 
       IBk |   48,29 |   48,17 |   46,22 |   45,12 |   45,61 |   49,15 |   47,20 |   45,00 |   49,15 |    52,07 |   47,60 | 0,301 


Classifier | Test #1 | Test #2 | Test #3 | Test #4 | Test #5 | Test #6 | Test #7 | Test #8 | Test #9 | Test #10 | Correct | Kappa 
-----------+---------+---------+---------+---------+---------+---------+---------+---------+---------+----------+---------+-------
       IBk |   40,00 |   39,63 |   40,61 |   42,20 |   40,61 |   39,76 |   39,88 |   41,59 |   39,76 |    39,51 |   40,35 | 0,205 
       IBk |   40,61 |   41,34 |   39,39 |   40,37 |   41,46 |   37,32 |   39,15 |   42,20 |   41,59 |    41,34 |   40,48 | 0,206 
       IBk |   41,59 |   42,68 |   42,56 |   42,80 |   41,83 |   42,44 |   40,37 |   43,17 |   43,54 |    40,61 |   42,16 | 0,229 
       IBk |   44,15 |   45,12 |   45,73 |   45,24 |   43,05 |   45,61 |   42,32 |   43,66 |   43,17 |    44,76 |   44,28 | 0,257 
       IBk |   44,63 |   43,78 |   42,20 |   48,17 |   46,83 |   44,27 |   47,93 |   45,98 |   45,73 |    45,00 |   45,45 | 0,273 
       IBk |   46,71 |   48,17 |   44,76 |   47,68 |   46,83 |   44,88 |   48,05 |   47,56 |   47,32 |    45,85 |   46,78 | 0,290 


Classifier | Correct #0 | Correct #1 | Correct #2 | Correct #3 
-----------+------------+------------+------------+------------
       IBk |      39,43 |      38,91 |      42,77 |      40,35 
       IBk |      38,72 |      38,54 |      42,45 |      40,48 
       IBk |      42,12 |      41,02 |      45,34 |      42,16 
       IBk |      43,32 |      42,67 |      47,73 |      44,28 
       IBk |      44,22 |      43,50 |      47,90 |      45,45 
       IBk |      45,02 |      43,07 |      47,60 |      46,78 
