KendallTauMin
LAbsMin
LSquareMin
CanberraDistanceMin
LAbsMean
KendallTauMean
CanberraDistanceMean
LSquareMean
LSquareStandardDeviation
LAbsStandardDeviation
class

Bagging
  894    96     2     8     0     0 
  132   758     2    49    32    27 
  124    69   617    78   102    10 
  131   144    70   221   341    93 
   20    91    61   241   463   124 
    1    21     5    27    43   903 
0.634
0.5712
64.27%

DecisionTable
  904    94     0     2     0     0 
  153   743     3    55    23    23 
  140    66   609    50   120    15 
  135   140    61   138   422   104 
   23    98    58   136   528   157 
    7    26     6    10    79   872 
0.622
0.5588
63.23%

IBk
  916    83     0     0     1     0 
  160   728     4    54    24    30 
  138    60   622    79    85    16 
  136   143    62   236   328    95 
   20   105    57   243   440   135 
    1    21     7    26    36   909 
0.633
0.5702
64.18%

J48
  784   127    40    46     3     0 
  104   696    34    78    56    32 
   99    71   621    69   129    11 
  107   112    87   179   429    86 
   18    86    73   202   506   115 
    0    30    13    48    68   841 
0.596
0.5254
60.45%

LogitBoost
  887   112     1     0     0     0 
  120   820     0    28     7    25 
  125    82   608    54   113    18 
  127   180    48   155   385   105 
   19   128    45   148   516   144 
    0    24     2    41    33   900 
0.638
0.5772
64.77%

NaiveBayes
  942    57     0     0     1     0 
  194   697     0    52    41    16 
  147    62   646    32    95    18 
  149   148    96    81   396   130 
   23   119   109    75   493   181 
    1     8    21     8    60   902 
0.607
0.5522
62.68%

ClassificationViaRegression
  909    90     0     1     0     0 
  128   767     0    48    25    32 
  131    63   613    65   114    14 
  129   149    61   175   380   106 
   20    94    49   155   532   150 
    1    18     5     5    36   935 
0.645
0.5862
65.52%

SMO
  938    60     0     2     0     0 
  171   732     0    48    18    31 
  142    51   617    51   125    14 
  141   142    98   103   418    98 
   22   109   108   106   517   138 
    1    24     4     0    43   928 
0.621
0.5670
63.92%

