CayleyDistanceMin
LevenshteinDistanceMin
LAbsMin
CanberraDistanceMin
KendallTauMin
CayleyDistanceStandardDeviation
LevenshteinDistanceStandardDeviation
CayleyDistanceMean
CayleyDistanceKurtosis
LSquareMin
class

Bagging
  920    72     4     4     0     0 
   76   808     3    60    37    16 
  138    65   615    78    93    11 
  135   155    74   195   360    81 
   18   111    57   252   435   127 
    1    18     6    25    51   899 
0.634
0.5744
64.53%

DecisionTable
  932    64     0     4     0     0 
   78   817     0    48    40    17 
  140    67   621    40   118    14 
  137   167    62   109   438    87 
   20   124    44   130   529   153 
    4    19     5    25    64   883 
0.634
0.5782
64.85%

IBk
  941    57     0     2     0     0 
  110   789     3    59    25    14 
  142    67   621    52   106    12 
  141   175    63   188   348    85 
   19   120    56   265   412   128 
    1    15     6    33    41   904 
0.631
0.5710
64.25%

J48
  854    71    32    40     3     0 
   83   727    17   106    46    21 
  127    56   609    72   121    15 
  110   154   114   159   382    81 
   19   115    85   176   482   123 
    1    16    12    47    73   851 
0.601
0.5364
61.37%

LogitBoost
  932    66     0     2     0     0 
   83   810     0    44    49    14 
  141    60   620    45   119    15 
  135   162    65   108   444    86 
   17   115    46   130   549   143 
    1    20     5    29    40   905 
0.639
0.5848
65.40%

NaiveBayes
  977    22     0     0     1     0 
  213   667     0    35    75    10 
  153    89   627    36    69    26 
  158   206    81   111   324   120 
   25   163    85   138   399   190 
    1     2     4     2    78   913 
0.599
0.5388
61.57%

ClassificationViaRegression
  936    63     0     1     0     0 
   83   809     0    46    38    24 
  136    67   618    37   129    13 
  139   163    61   106   430   101 
   17   116    52   130   543   142 
    1    16     7    12    39   925 
0.641
0.5874
65.62%

SMO
  967    33     0     0     0     0 
  169   751     0    29    30    21 
  148    67   617    31   123    14 
  149   167    82    83   415   104 
   22   134    95    76   531   142 
    1    17     5     0    51   926 
0.630
0.5750
64.58%

