KendallTauMin
LSquareMin
LAbsMin
LMaxMin
CanberraDistanceMin
KendallTauMean
LAbsMean
LSquareMean
CanberraDistanceMean
KendallTauMax
class

Bagging
  549   150   119    96    69    17 
    9   820    43    55    73     0 
  161   212   241   152   160    74 
  128   271   173   177   164    87 
  131   284   186   154   154    91 
   20    12    30    28    24   886 
0.451
0.3654
47.12%

DecisionTable
  571   166    82    87    65    29 
    3   881    21    45    50     0 
  157   237   186   174   121   125 
  118   291   164   152   163   112 
  130   310   163   155   129   113 
   44    12    37    10    12   885 
0.440
0.3608
46.73%

IBk
  566   171   118    76    52    17 
    2   874    37    42    45     0 
  174   236   227   145   133    85 
  130   302   205   177   102    84 
  127   309   206   155   113    90 
   23     8    30    28    16   895 
0.452
0.3704
47.53%

J48
  531    92   135   119    97    26 
   83   490   110   145   170     2 
  207   134   234   174   176    75 
  170   177   217   184   175    77 
  160   176   196   210   180    78 
   24     8    44    40    53   831 
0.399
0.2900
40.83%

LogitBoost
  502   187   216    46    28    21 
    0   946     3    22    29     0 
  117   267   343   116    81    76 
   74   333   295   123    92    83 
   76   353   282   120    92    77 
   30    13    30    11    57   859 
0.460
0.3730
47.75%

NaiveBayes
  504   211    70   169     0    46 
    0   954     0    46     0     0 
  110   292    42   400     3   153 
   74   369    39   370     6   142 
   80   385    42   349     4   140 
   53    13     2    42    10   880 
0.422
0.3508
45.90%

ClassificationViaRegression
  579   169   161    41    24    26 
    0   928    26    25    21     0 
  164   248   328    89    54   117 
  115   312   298   107    53   115 
  121   325   268   112    57   117 
   26    12    20     7     9   926 
0.458
0.3850
48.75%

SMO
  589   190    52   125    30    14 
    0   946     0    37    17     0 
  160   272    87   290    81   110 
  106   341    71   271    95   116 
  119   363    91   225    95   107 
   36    13    16    14    11   910 
0.457
0.3796
48.30%

