LSquareMin
KendallTauMin
LAbsMin
KendallTauMean
LAbsMean
LSquareMean
LMaxMin
CanberraDistanceMin
KendallTauMax
CanberraDistanceMean
class

Bagging
  542   122   115    99    95    27 
   10   803    33    74    78     2 
  158   168   217   212   158    87 
  134   208   221   178   163    96 
  121   234   179   179   195    92 
   21    14    31    17    18   899 
0.452
0.3668
47.23%

DecisionTable
  552   168   108    80    47    45 
    1   910    10    62    16     1 
  153   238   202   174    89   144 
  115   296   179   178    90   142 
  124   312   161   164   106   133 
   58    13    22     9    15   883 
0.445
0.3662
47.18%

IBk
  557   156   125    70    65    27 
    5   859    30    46    59     1 
  163   207   215   176   139   100 
  128   267   196   182   131    96 
  132   274   173   161   158   102 
   18    13    20    19    28   902 
0.456
0.3746
47.88%

J48
  509    76   154   133    97    31 
   80   556   106   120   128    10 
  174   109   257   212   168    80 
  170   142   228   193   182    85 
  160   169   219   202   169    81 
   31    12    48    49    28   832 
0.410
0.3032
41.93%

LogitBoost
  502   170    98   146    46    38 
    0   923     5    39    33     0 
  120   251   138   263   105   123 
   85   292   137   239   132   115 
   87   319   131   238   117   108 
   42    14     6    23    34   881 
0.444
0.3600
46.67%

NaiveBayes
  470   194    64   155     0   117 
    0   937     0    62     0     1 
   97   272    48   379     0   204 
   70   345    45   362     0   178 
   73   358    42   353     0   174 
   67    12     0    36     1   884 
0.396
0.3402
45.02%

ClassificationViaRegression
  585   155    99   102    32    27 
    0   881    11    87    19     2 
  170   211   212   229    68   110 
  119   236   193   268    71   113 
  119   284   177   210    88   122 
   22    15    16     8     5   934 
0.471
0.3936
49.47%

SMO
  589   178    36    66   102    29 
    0   934     0    25    38     3 
  167   257    55   141   248   132 
  115   308    51   145   253   128 
  117   335    55   120   252   121 
   37    13     6     4    25   915 
0.452
0.3780
48.17%

