LevenshteinDistanceMin
CayleyDistanceMin
KendallTauMin
CanberraDistanceMin
LAbsMin
CayleyDistanceMean
LSquareMin
CayleyDistanceMax
CanberraDistanceMean
LAbsMean
class

Bagging
  774   199     4    11    12     0 
  244   574     1    60    87    34 
   34    36   780    77    43    30 
   78   179    91   247   312    93 
   32   150    65   276   301   176 
    4    32    15    48    72   829 
0.575
0.5010
58.42%

DecisionTable
  820   170     1     5     4     0 
  281   568     0    47    68    36 
   42    44   779    68    39    28 
   89   192    94   242   282   101 
   31   188    66   217   299   199 
    6    39    21    29    82   823 
0.578
0.5062
58.85%

IBk
  799   183     4     6     8     0 
  288   574     0    52    60    26 
   36    37   792    80    33    22 
   92   200    91   263   254   100 
   32   182    56   310   247   173 
    4    29    17    43    70   837 
0.574
0.5024
58.53%

J48
  723   191     8    46    30     2 
  285   419    23   124   120    29 
   38    23   758   101    60    20 
   82   148   106   274   293    97 
   51   147    86   268   294   154 
    4    49    25    57   133   732 
0.528
0.4400
53.33%

LogitBoost
  838   146     4     4     8     0 
  309   557     0    36    70    28 
   38    38   790    67    41    26 
   95   188    92   253   251   121 
   38   187    60   225   282   208 
    5    35    14    15   100   831 
0.581
0.5102
59.18%

NaiveBayes
  880   109     4     0     7     0 
  415   489     0     6    83     7 
   40    49   839    12    50    10 
  105   219   160    30   387    99 
   47   221   110    32   401   189 
    3    42    62     0   147   746 
0.548
0.4770
56.42%

ClassificationViaRegression
  788   187     6     6    12     1 
  229   619     3    42    73    34 
   35    34   793    66    47    25 
   87   175    84   242   299   113 
   32   153    55   265   301   194 
    3    25    18    21    64   869 
0.590
0.5224
60.20%

SMO
  879   106     4    11     0     0 
  377   498     0    70    33    22 
   41    35   807    67    27    23 
  108   180   114   332   169    97 
   43   184    82   320   180   191 
    3    33    14    17    90   843 
0.575
0.5078
58.98%

