KendallTauMin
LSquareMin
LAbsMin
CanberraDistanceMin
CanberraDistanceMean
KendallTauMean
LAbsMean
LMaxMin
LSquareMean
LAbsStandardDeviation
class

Bagging
  748   201     2    31    13     5 
  241   595     3    59    65    37 
   30    43   778    81    49    19 
  102   104    80   323   288   103 
   47   120    55   316   293   169 
    4    33    21    41    46   855 
0.591
0.5184
59.87%

DecisionTable
  800   167     0    16     9     8 
  372   454     0    60    63    51 
   44    41   792    62    40    21 
  104   129    95   261   275   136 
   48   146    66   234   295   211 
    8    46    21    28    47   850 
0.564
0.4904
57.53%

IBk
  794   169     4    19    11     3 
  353   492     1    57    53    44 
   34    38   791    77    40    20 
  110   125    95   316   250   104 
   46   131    68   293   266   196 
    5    35    19    51    42   848 
0.574
0.5014
58.45%

J48
  659   210    22    77    29     3 
  270   473    24    87   101    45 
   30    36   755   103    56    20 
   97   110   134   270   305    84 
   51   102    75   297   317   158 
    6    41    16    91   102   744 
0.532
0.4436
53.63%

LogitBoost
  790   176     4    13    17     0 
  314   565     0    41    44    36 
   26    43   798    66    36    31 
   95   138   102   275   270   120 
   47   135    67   268   270   213 
    4    34    14    41    68   839 
0.578
0.5074
58.95%

NaiveBayes
  752   227     4     2    15     0 
  398   493     0     8    89    12 
   29    52   837     8    56    18 
   93   191   154    18   398   146 
   36   205   117     9   391   242 
    4    40    53     1   148   754 
0.528
0.4490
54.08%

ClassificationViaRegression
  776   167     4    24    26     3 
  242   602     1    68    53    34 
   28    33   792    64    58    25 
  115   101    96   301   285   102 
   56    94    64   286   318   182 
    4    33    15    43    29   876 
0.601
0.5330
61.08%

SMO
  829   140     4    21     4     2 
  373   501     0    72    20    34 
   32    38   802    70    30    28 
  117   123   136   368   155   101 
   53   128    97   341   196   185 
    4    35    17    19    64   861 
0.580
0.5114
59.28%

